              DRT4 Data File V2.0
============================================================

1) Subject Information
Subject Name: 
Subject No: 
Date of Birth: 
Subject Address: 
Operator:  
Date: 17:01:33 (8/10/2025)
DRT4 Serial Number: #3173
Comment: 

2) Monitor Schedule
Indefinite monitoring until stopped by user
3) Display Configuration
Total Graph Number: 1 
Active Graph Number: 1 
Sampling Rate:   1/sec 
Time Constant: off 
Time Offset: 0.5 sec 
Time Offset: 0 sec 
Total Mark Number: 0 
Active Mark Number: 1 
No: 	Hour	Min	Sec	Label	Comment	Current	Heater1	Heater2



4) Trace Data
No: 	Hour 	Min 	Sec 	F1 	F2 
1	0	0	0	 11.4	  0.0 
2	0	0	1	  9.7	  0.0 
3	0	0	2	 13.2	  0.0 
4	0	0	3	 12.6	  0.0 
5	0	0	4	 12.0	  0.0 
6	0	0	5	 10.6	  0.0 
7	0	0	6	  7.6	  0.0 
8	0	0	7	  8.2	  0.0 
9	0	0	8	  7.5	  0.0 
10	0	0	9	 16.1	  0.0 
11	0	0	10	 28.7	  0.0 
12	0	0	11	 24.0	  0.0 
13	0	0	12	 20.7	  0.0 
14	0	0	13	 18.5	  0.0 
15	0	0	14	 13.9	  0.0 
16	0	0	15	 12.4	  0.0 
17	0	0	16	 15.2	  0.0 
18	0	0	17	  9.7	  0.0 
19	0	0	18	 16.1	  0.0 
20	0	0	19	 13.7	  0.0 
21	0	0	20	 14.4	  0.0 
22	0	0	21	 25.6	  0.0 
23	0	0	22	 23.1	  0.0 
24	0	0	23	 18.3	  0.0 
25	0	0	24	 26.7	  0.0 
26	0	0	25	 21.3	  0.0 
27	0	0	26	 16.9	  0.0 
28	0	0	27	 34.7	  0.0 
29	0	0	28	 46.9	  0.0 
30	0	0	29	 39.8	  0.0 
31	0	0	30	 24.1	  0.0 
32	0	0	31	 18.8	  0.0 
33	0	0	32	  8.0	  0.0 
34	0	0	33	 10.2	  0.0 
35	0	0	34	 16.6	  0.0 
36	0	0	35	 15.9	  0.0 
37	0	0	36	 10.3	  0.0 
38	0	0	37	 13.5	  0.0 
39	0	0	38	 17.1	  0.0 
40	0	0	39	 11.9	  0.0 
41	0	0	40	  9.1	  0.0 
42	0	0	41	 12.1	  0.0 
43	0	0	42	 11.5	  0.0 
44	0	0	43	 12.9	  0.0 
45	0	0	44	 13.1	  0.0 
46	0	0	45	 12.4	  0.0 
47	0	0	46	 14.8	  0.0 
48	0	0	47	 17.6	  0.0 
49	0	0	48	 19.1	  0.0 
50	0	0	49	 19.8	  0.0 
51	0	0	50	 18.3	  0.0 
52	0	0	51	 26.8	  0.0 
53	0	0	52	 32.1	  0.0 
54	0	0	53	 32.1	  0.0 
55	0	0	54	 29.5	  0.0 
56	0	0	55	 27.6	  0.0 
57	0	0	56	 19.4	  0.0 
58	0	0	57	 17.6	  0.0 
59	0	0	58	 11.4	  0.0 
60	0	0	59	 10.6	  0.0 
61	0	1	0	  7.5	  0.0 
62	0	1	1	 17.2	  0.0 
63	0	1	2	  9.1	  0.0 
64	0	1	3	  7.7	  0.0 
65	0	1	4	 16.1	  0.0 
66	0	1	5	  8.9	  0.0 
67	0	1	6	 17.4	  0.0 
68	0	1	7	 12.3	  0.0 
69	0	1	8	 11.3	  0.0 
70	0	1	9	 13.7	  0.0 
71	0	1	10	 18.8	  0.0 
72	0	1	11	 11.3	  0.0 
73	0	1	12	 15.9	  0.0 
74	0	1	13	 16.3	  0.0 
75	0	1	14	 22.4	  0.0 
76	0	1	15	 22.0	  0.0 
77	0	1	16	 17.5	  0.0 
78	0	1	17	 21.9	  0.0 
79	0	1	18	 21.8	  0.0 
80	0	1	19	 44.2	  0.0 
81	0	1	20	 30.5	  0.0 
82	0	1	21	 25.9	  0.0 
83	0	1	22	 14.1	  0.0 
84	0	1	23	  9.6	  0.0 
85	0	1	24	  9.0	  0.0 
86	0	1	25	 24.9	  0.0 
87	0	1	26	 21.5	  0.0 
88	0	1	27	 16.9	  0.0 
89	0	1	28	 23.8	  0.0 
90	0	1	29	 18.2	  0.0 
91	0	1	30	 28.7	  0.0 
92	0	1	31	 20.5	  0.0 
93	0	1	32	 19.5	  0.0 
94	0	1	33	 24.7	  0.0 
95	0	1	34	 25.0	  0.0 
96	0	1	35	 21.6	  0.0 
97	0	1	36	 20.6	  0.0 
98	0	1	37	 12.4	  0.0 
99	0	1	38	 12.9	  0.0 
100	0	1	39	 10.6	  0.0 
101	0	1	40	 11.2	  0.0 
102	0	1	41	  9.4	  0.0 
103	0	1	42	 13.8	  0.0 
104	0	1	43	 14.8	  0.0 
105	0	1	44	 14.6	  0.0 
106	0	1	45	 26.0	  0.0 
107	0	1	46	 26.6	  0.0 
108	0	1	47	  9.7	  0.0 
109	0	1	48	 17.4	  0.0 
110	0	1	49	 10.9	  0.0 
111	0	1	50	  9.1	  0.0 
112	0	1	51	 12.4	  0.0 
113	0	1	52	 13.6	  0.0 
114	0	1	53	 20.8	  0.0 
115	0	1	54	 14.3	  0.0 
116	0	1	55	 12.1	  0.0 
117	0	1	56	 15.1	  0.0 
118	0	1	57	 14.9	  0.0 
119	0	1	58	  5.3	  0.0 
120	0	1	59	  6.6	  0.0 
121	0	2	0	 14.1	  0.0 
122	0	2	1	 11.5	  0.0 
123	0	2	2	 21.6	  0.0 
124	0	2	3	 27.1	  0.0 
125	0	2	4	 25.8	  0.0 
126	0	2	5	 32.1	  0.0 
127	0	2	6	 37.6	  0.0 
128	0	2	7	 52.6	  0.0 
129	0	2	8	 40.3	  0.0 
130	0	2	9	 32.7	  0.0 
131	0	2	10	 45.6	  0.0 
132	0	2	11	 43.8	  0.0 
133	0	2	12	 28.6	  0.0 
134	0	2	13	 27.7	  0.0 
135	0	2	14	 41.1	  0.0 
136	0	2	15	 37.1	  0.0 
137	0	2	16	 52.1	  0.0 
138	0	2	17	 47.1	  0.0 
139	0	2	18	 47.6	  0.0 
140	0	2	19	 57.8	  0.0 
141	0	2	20	 49.9	  0.0 
142	0	2	21	 34.6	  0.0 
143	0	2	22	 27.5	  0.0 
144	0	2	23	 28.8	  0.0 
145	0	2	24	 14.5	  0.0 
146	0	2	25	 24.8	  0.0 
147	0	2	26	 33.3	  0.0 
148	0	2	27	 42.8	  0.0 
149	0	2	28	 61.1	  0.0 
150	0	2	29	 69.0	  0.0 
151	0	2	30	 74.9	  0.0 
152	0	2	31	 74.2	  0.0 
153	0	2	32	 38.1	  0.0 
154	0	2	33	 42.1	  0.0 
155	0	2	34	 40.3	  0.0 
156	0	2	35	 24.8	  0.0 
157	0	2	36	 27.2	  0.0 
158	0	2	37	 19.2	  0.0 
159	0	2	38	 23.2	  0.0 
160	0	2	39	 28.1	  0.0 
161	0	2	40	 55.7	  0.0 
162	0	2	41	 74.7	  0.0 
163	0	2	42	 73.3	  0.0 
164	0	2	43	 84.6	  0.0 
165	0	2	44	 70.0	  0.0 
166	0	2	45	 45.9	  0.0 
167	0	2	46	 56.8	  0.0 
168	0	2	47	 59.8	  0.0 
169	0	2	48	 38.1	  0.0 
170	0	2	49	 24.0	  0.0 
171	0	2	50	 29.8	  0.0 
172	0	2	51	 30.9	  0.0 
173	0	2	52	 45.8	  0.0 
174	0	2	53	 40.3	  0.0 
175	0	2	54	 49.1	  0.0 
176	0	2	55	 62.1	  0.0 
177	0	2	56	 37.2	  0.0 
178	0	2	57	 54.4	  0.0 
179	0	2	58	 35.3	  0.0 
180	0	2	59	 15.9	  0.0 
181	0	3	0	 40.9	  0.0 
182	0	3	1	 44.1	  0.0 
183	0	3	2	 34.4	  0.0 
184	0	3	3	 27.4	  0.0 
185	0	3	4	 35.7	  0.0 
186	0	3	5	 68.2	  0.0 
187	0	3	6	 70.0	  0.0 
188	0	3	7	 74.9	  0.0 
189	0	3	8	 52.3	  0.0 
190	0	3	9	 41.1	  0.0 
191	0	3	10	 52.8	  0.0 
192	0	3	11	 42.9	  0.0 
193	0	3	12	 33.1	  0.0 
194	0	3	13	 44.9	  0.0 
195	0	3	14	 31.3	  0.0 
196	0	3	15	 55.2	  0.0 
197	0	3	16	 84.8	  0.0 
198	0	3	17	121.3	  0.0 
199	0	3	18	144.6	  0.0 
200	0	3	19	 81.0	  0.0 
201	0	3	20	 49.1	  0.0 
202	0	3	21	 42.3	  0.0 
203	0	3	22	 51.8	  0.0 
204	0	3	23	 37.9	  0.0 
205	0	3	24	 93.6	  0.0 
206	0	3	25	109.1	  0.0 
207	0	3	26	 67.2	  0.0 
208	0	3	27	 86.2	  0.0 
209	0	3	28	 92.9	  0.0 
210	0	3	29	201.6	  0.0 
211	0	3	30	137.4	  0.0 
212	0	3	31	128.1	  0.0 
213	0	3	32	103.9	  0.0 
214	0	3	33	 60.7	  0.0 
215	0	3	34	 60.0	  0.0 
216	0	3	35	 70.6	  0.0 
217	0	3	36	 62.9	  0.0 
218	0	3	37	 39.2	  0.0 
219	0	3	38	 51.9	  0.0 
220	0	3	39	 52.4	  0.0 
221	0	3	40	 66.8	  0.0 
222	0	3	41	103.2	  0.0 
223	0	3	42	123.2	  0.0 
224	0	3	43	 82.7	  0.0 
225	0	3	44	 85.7	  0.0 
226	0	3	45	 40.4	  0.0 
227	0	3	46	 33.2	  0.0 
228	0	3	47	 39.6	  0.0 
229	0	3	48	 42.4	  0.0 
230	0	3	49	 70.8	  0.0 
231	0	3	50	 83.5	  0.0 
232	0	3	51	 54.6	  0.0 
233	0	3	52	 49.7	  0.0 
234	0	3	53	 68.9	  0.0 
235	0	3	54	 73.3	  0.0 
236	0	3	55	 89.2	  0.0 
237	0	3	56	 93.9	  0.0 
238	0	3	57	 48.0	  0.0 
239	0	3	58	 30.5	  0.0 
240	0	3	59	 23.2	  0.0 
241	0	4	0	 32.1	  0.0 
242	0	4	1	 39.1	  0.0 
243	0	4	2	 47.3	  0.0 
244	0	4	3	 53.1	  0.0 
245	0	4	4	 60.8	  0.0 
246	0	4	5	 60.0	  0.0 
247	0	4	6	 91.2	  0.0 
248	0	4	7	 89.6	  0.0 
249	0	4	8	 75.8	  0.0 
250	0	4	9	 39.5	  0.0 
251	0	4	10	 28.6	  0.0 
252	0	4	11	 58.7	  0.0 
253	0	4	12	 31.6	  0.0 
254	0	4	13	 41.9	  0.0 
255	0	4	14	 21.2	  0.0 
256	0	4	15	 28.0	  0.0 
257	0	4	16	 50.9	  0.0 
258	0	4	17	 67.2	  0.0 
259	0	4	18	112.5	  0.0 
260	0	4	19	100.9	  0.0 
261	0	4	20	 80.8	  0.0 
262	0	4	21	 25.3	  0.0 
263	0	4	22	 29.0	  0.0 
264	0	4	23	 27.5	  0.0 
265	0	4	24	 23.5	  0.0 
266	0	4	25	 34.6	  0.0 
267	0	4	26	 39.0	  0.0 
268	0	4	27	 44.7	  0.0 
269	0	4	28	 78.6	  0.0 
270	0	4	29	112.0	  0.0 
271	0	4	30	 99.7	  0.0 
272	0	4	31	 73.2	  0.0 
273	0	4	32	 64.1	  0.0 
274	0	4	33	 27.4	  0.0 
275	0	4	34	 21.8	  0.0 
276	0	4	35	 17.6	  0.0 
277	0	4	36	 23.0	  0.0 
278	0	4	37	 55.4	  0.0 
279	0	4	38	 58.2	  0.0 
280	0	4	39	 49.1	  0.0 
281	0	4	40	 62.7	  0.0 
282	0	4	41	 89.3	  0.0 
283	0	4	42	113.5	  0.0 
284	0	4	43	 92.9	  0.0 
285	0	4	44	127.2	  0.0 
286	0	4	45	 46.8	  0.0 
287	0	4	46	 39.7	  0.0 
288	0	4	47	 31.1	  0.0 
289	0	4	48	 39.0	  0.0 
290	0	4	49	 19.4	  0.0 
291	0	4	50	 47.0	  0.0 
292	0	4	51	 52.1	  0.0 
293	0	4	52	 53.7	  0.0 
294	0	4	53	 53.7	  0.0 
295	0	4	54	 88.6	  0.0 
296	0	4	55	 66.2	  0.0 
297	0	4	56	 89.0	  0.0 
298	0	4	57	 30.2	  0.0 
299	0	4	58	 24.6	  0.0 
300	0	4	59	 34.7	  0.0 
301	0	5	0	 34.3	  0.0 
302	0	5	1	 79.7	  0.0 
303	0	5	2	 85.8	  0.0 
304	0	5	3	 97.0	  0.0 
305	0	5	4	123.9	  0.0 
306	0	5	5	164.2	  0.0 
307	0	5	6	186.7	  0.0 
308	0	5	7	 91.6	  0.0 
309	0	5	8	 67.2	  0.0 
310	0	5	9	 73.2	  0.0 
311	0	5	10	 58.1	  0.0 
312	0	5	11	 58.2	  0.0 
313	0	5	12	 57.4	  0.0 
314	0	5	13	 92.0	  0.0 
315	0	5	14	 82.7	  0.0 
316	0	5	15	 93.3	  0.0 
317	0	5	16	160.1	  0.0 
318	0	5	17	136.0	  0.0 
319	0	5	18	180.4	  0.0 
320	0	5	19	 87.7	  0.0 
321	0	5	20	 76.6	  0.0 
322	0	5	21	 74.8	  0.0 
323	0	5	22	 67.8	  0.0 
324	0	5	23	 83.8	  0.0 
325	0	5	24	142.7	  0.0 
326	0	5	25	110.2	  0.0 
327	0	5	26	127.6	  0.0 
328	0	5	27	137.2	  0.0 
329	0	5	28	159.6	  0.0 
330	0	5	29	217.6	  0.0 
331	0	5	30	259.0	  0.0 
332	0	5	31	 84.7	  0.0 
333	0	5	32	 59.8	  0.0 
334	0	5	33	 56.8	  0.0 
335	0	5	34	 43.3	  0.0 
336	0	5	35	 40.8	  0.0 
337	0	5	36	 67.7	  0.0 
338	0	5	37	 91.0	  0.0 
339	0	5	38	141.7	  0.0 
340	0	5	39	116.2	  0.0 
341	0	5	40	115.8	  0.0 
342	0	5	41	186.6	  0.0 
343	0	5	42	174.6	  0.0 
344	0	5	43	 89.9	  0.0 
345	0	5	44	 89.6	  0.0 
346	0	5	45	 83.2	  0.0 
347	0	5	46	 78.9	  0.0 
348	0	5	47	 48.6	  0.0 
349	0	5	48	 38.0	  0.0 
350	0	5	49	 82.7	  0.0 
351	0	5	50	 73.7	  0.0 
352	0	5	51	 66.1	  0.0 
353	0	5	52	 84.4	  0.0 
354	0	5	53	133.1	  0.0 
355	0	5	54	154.7	  0.0 
356	0	5	55	138.9	  0.0 
357	0	5	56	118.7	  0.0 
358	0	5	57	 74.0	  0.0 
359	0	5	58	 62.5	  0.0 
360	0	5	59	 62.0	  0.0 
361	0	6	0	 24.7	  0.0 
362	0	6	1	 24.5	  0.0 
363	0	6	2	 33.5	  0.0 
364	0	6	3	 30.6	  0.0 
365	0	6	4	 20.3	  0.0 
366	0	6	5	 14.0	  0.0 
367	0	6	6	 21.8	  0.0 
368	0	6	7	 18.3	  0.0 
369	0	6	8	 21.7	  0.0 
370	0	6	9	 16.8	  0.0 
371	0	6	10	 20.6	  0.0 
372	0	6	11	 15.3	  0.0 
373	0	6	12	  8.4	  0.0 
374	0	6	13	 11.8	  0.0 
375	0	6	14	 10.1	  0.0 
376	0	6	15	 11.4	  0.0 
377	0	6	16	  8.8	  0.0 
378	0	6	17	  7.6	  0.0 
379	0	6	18	 12.4	  0.0 
380	0	6	19	 15.0	  0.0 
381	0	6	20	  9.9	  0.0 
382	0	6	21	  9.3	  0.0 
383	0	6	22	 11.4	  0.0 
384	0	6	23	 17.5	  0.0 
385	0	6	24	 14.1	  0.0 
386	0	6	25	 14.4	  0.0 
387	0	6	26	  8.9	  0.0 
388	0	6	27	  6.6	  0.0 
389	0	6	28	  8.3	  0.0 
390	0	6	29	 10.0	  0.0 
391	0	6	30	  8.2	  0.0 
392	0	6	31	 14.4	  0.0 
393	0	6	32	 36.3	  0.0 
394	0	6	33	 37.3	  0.0 
395	0	6	34	 41.2	  0.0 
396	0	6	35	 34.1	  0.0 
397	0	6	36	 27.3	  0.0 
398	0	6	37	 20.3	  0.0 
399	0	6	38	 21.6	  0.0 
400	0	6	39	 11.6	  0.0 
401	0	6	40	 16.5	  0.0 
402	0	6	41	  6.9	  0.0 
403	0	6	42	 21.7	  0.0 
404	0	6	43	 17.0	  0.0 
405	0	6	44	 27.0	  0.0 
406	0	6	45	 12.8	  0.0 
407	0	6	46	 21.2	  0.0 
408	0	6	47	 15.1	  0.0 
409	0	6	48	 29.6	  0.0 
410	0	6	49	 26.2	  0.0 
411	0	6	50	 41.4	  0.0 
412	0	6	51	 38.5	  0.0 
413	0	6	52	 47.6	  0.0 
414	0	6	53	 39.8	  0.0 
415	0	6	54	 40.1	  0.0 
416	0	6	55	 43.1	  0.0 
417	0	6	56	 36.6	  0.0 
418	0	6	57	 24.5	  0.0 
419	0	6	58	 37.8	  0.0 
420	0	6	59	 38.0	  0.0 
421	0	7	0	 44.8	  0.0 
422	0	7	1	 46.7	  0.0 
423	0	7	2	 55.5	  0.0 
424	0	7	3	 47.7	  0.0 
425	0	7	4	 58.6	  0.0 
426	0	7	5	 39.3	  0.0 
427	0	7	6	 30.6	  0.0 
428	0	7	7	 24.8	  0.0 
429	0	7	8	 20.2	  0.0 
430	0	7	9	 19.5	  0.0 
431	0	7	10	 31.5	  0.0 
432	0	7	11	 33.4	  0.0 
433	0	7	12	 63.6	  0.0 
434	0	7	13	 59.5	  0.0 
435	0	7	14	 68.0	  0.0 
436	0	7	15	 84.1	  0.0 
437	0	7	16	 51.7	  0.0 
438	0	7	17	 37.8	  0.0 
439	0	7	18	 45.3	  0.0 
440	0	7	19	 28.0	  0.0 
441	0	7	20	 24.8	  0.0 
442	0	7	21	 20.8	  0.0 
443	0	7	22	 23.9	  0.0 
444	0	7	23	 24.5	  0.0 
445	0	7	24	 45.4	  0.0 
446	0	7	25	 67.1	  0.0 
447	0	7	26	 76.2	  0.0 
448	0	7	27	 80.9	  0.0 
449	0	7	28	 76.8	  0.0 
450	0	7	29	 52.6	  0.0 
451	0	7	30	 51.0	  0.0 
452	0	7	31	 56.8	  0.0 
453	0	7	32	 54.0	  0.0 
454	0	7	33	 24.9	  0.0 
455	0	7	34	 24.8	  0.0 
456	0	7	35	 31.5	  0.0 
457	0	7	36	 46.8	  0.0 
458	0	7	37	 34.8	  0.0 
459	0	7	38	 45.1	  0.0 
460	0	7	39	 66.9	  0.0 
461	0	7	40	 39.5	  0.0 
462	0	7	41	 51.8	  0.0 
463	0	7	42	 40.4	  0.0 
464	0	7	43	 26.2	  0.0 
465	0	7	44	 23.9	  0.0 
466	0	7	45	 46.4	  0.0 
467	0	7	46	 36.1	  0.0 
468	0	7	47	 29.3	  0.0 
469	0	7	48	 31.5	  0.0 
470	0	7	49	 61.9	  0.0 
471	0	7	50	 70.8	  0.0 
472	0	7	51	 75.1	  0.0 
473	0	7	52	 59.5	  0.0 
474	0	7	53	 45.8	  0.0 
475	0	7	54	 35.0	  0.0 
476	0	7	55	 54.3	  0.0 
477	0	7	56	 39.0	  0.0 
478	0	7	57	 35.3	  0.0 
479	0	7	58	 43.7	  0.0 
480	0	7	59	 35.2	  0.0 
481	0	8	0	 76.2	  0.0 
482	0	8	1	106.8	  0.0 
483	0	8	2	129.4	  0.0 
484	0	8	3	126.8	  0.0 
485	0	8	4	 52.5	  0.0 
486	0	8	5	 50.7	  0.0 
487	0	8	6	 30.2	  0.0 
488	0	8	7	 54.7	  0.0 
489	0	8	8	 87.2	  0.0 
490	0	8	9	101.8	  0.0 
491	0	8	10	 67.3	  0.0 
492	0	8	11	 77.8	  0.0 
493	0	8	12	 89.4	  0.0 
494	0	8	13	123.8	  0.0 
495	0	8	14	208.5	  0.0 
496	0	8	15	125.6	  0.0 
497	0	8	16	121.8	  0.0 
498	0	8	17	 72.8	  0.0 
499	0	8	18	 57.7	  0.0 
500	0	8	19	 63.2	  0.0 
501	0	8	20	 62.2	  0.0 
502	0	8	21	 58.2	  0.0 
503	0	8	22	 43.5	  0.0 
504	0	8	23	 49.5	  0.0 
505	0	8	24	 60.5	  0.0 
506	0	8	25	 91.8	  0.0 
507	0	8	26	101.8	  0.0 
508	0	8	27	110.1	  0.0 
509	0	8	28	 94.9	  0.0 
510	0	8	29	 51.4	  0.0 
511	0	8	30	 34.4	  0.0 
512	0	8	31	 34.5	  0.0 
513	0	8	32	 47.2	  0.0 
514	0	8	33	 62.4	  0.0 
515	0	8	34	 74.7	  0.0 
516	0	8	35	 69.3	  0.0 
517	0	8	36	 39.0	  0.0 
518	0	8	37	 67.1	  0.0 
519	0	8	38	 75.8	  0.0 
520	0	8	39	 86.5	  0.0 
521	0	8	40	 91.9	  0.0 
522	0	8	41	 61.7	  0.0 
523	0	8	42	 31.2	  0.0 
524	0	8	43	 31.6	  0.0 
525	0	8	44	 25.7	  0.0 
526	0	8	45	 32.9	  0.0 
527	0	8	46	 47.0	  0.0 
528	0	8	47	 55.3	  0.0 
529	0	8	48	 50.2	  0.0 
530	0	8	49	 59.4	  0.0 
531	0	8	50	 77.9	  0.0 
532	0	8	51	 96.2	  0.0 
533	0	8	52	 95.3	  0.0 
534	0	8	53	 47.9	  0.0 
535	0	8	54	 26.8	  0.0 
536	0	8	55	 47.3	  0.0 
537	0	8	56	 43.3	  0.0 
538	0	8	57	 37.4	  0.0 
539	0	8	58	 30.4	  0.0 
540	0	8	59	 22.2	  0.0 
541	0	9	0	 43.9	  0.0 
542	0	9	1	 57.7	  0.0 
543	0	9	2	 88.3	  0.0 
544	0	9	3	110.8	  0.0 
545	0	9	4	104.4	  0.0 
546	0	9	5	 32.9	  0.0 
547	0	9	6	 25.5	  0.0 
548	0	9	7	 30.8	  0.0 
549	0	9	8	 27.5	  0.0 
550	0	9	9	 24.0	  0.0 
551	0	9	10	 41.1	  0.0 
552	0	9	11	 42.2	  0.0 
553	0	9	12	 59.3	  0.0 
554	0	9	13	110.7	  0.0 
555	0	9	14	 91.3	  0.0 
556	0	9	15	 96.5	  0.0 
557	0	9	16	 61.6	  0.0 
558	0	9	17	 39.6	  0.0 
559	0	9	18	 30.3	  0.0 
560	0	9	19	 15.8	  0.0 
561	0	9	20	 17.1	  0.0 
562	0	9	21	 38.9	  0.0 
563	0	9	22	 64.5	  0.0 
564	0	9	23	 54.8	  0.0 
565	0	9	24	 51.5	  0.0 
566	0	9	25	 69.4	  0.0 
567	0	9	26	112.3	  0.0 
568	0	9	27	112.6	  0.0 
569	0	9	28	127.5	  0.0 
570	0	9	29	 63.6	  0.0 
571	0	9	30	 36.4	  0.0 
572	0	9	31	 35.5	  0.0 
573	0	9	32	 38.5	  0.0 
574	0	9	33	 25.0	  0.0 
575	0	9	34	 37.2	  0.0 
576	0	9	35	 47.2	  0.0 
577	0	9	36	 50.8	  0.0 
578	0	9	37	 58.6	  0.0 
579	0	9	38	 68.6	  0.0 
580	0	9	39	 79.8	  0.0 
581	0	9	40	103.0	  0.0 
582	0	9	41	 27.8	  0.0 
583	0	9	42	 29.8	  0.0 
584	0	9	43	 32.0	  0.0 
585	0	9	44	 30.9	  0.0 
586	0	9	45	 62.1	  0.0 
587	0	9	46	 88.1	  0.0 
588	0	9	47	 92.2	  0.0 
589	0	9	48	109.5	  0.0 
590	0	9	49	130.9	  0.0 
591	0	9	50	200.2	  0.0 
592	0	9	51	126.7	  0.0 
593	0	9	52	 75.5	  0.0 
594	0	9	53	 72.6	  0.0 
595	0	9	54	 65.3	  0.0 
596	0	9	55	 52.9	  0.0 
597	0	9	56	 62.4	  0.0 
598	0	9	57	 67.5	  0.0 
599	0	9	58	 94.3	  0.0 
600	0	9	59	 88.9	  0.0 
601	0	10	0	127.9	  0.0 
602	0	10	1	150.3	  0.0 
603	0	10	2	179.2	  0.0 
604	0	10	3	112.9	  0.0 
605	0	10	4	 79.9	  0.0 
606	0	10	5	 78.6	  0.0 
607	0	10	6	 59.6	  0.0 
608	0	10	7	 76.5	  0.0 
609	0	10	8	133.0	  0.0 
610	0	10	9	101.0	  0.0 
611	0	10	10	140.5	  0.0 
612	0	10	11	123.2	  0.0 
613	0	10	12	152.2	  0.0 
614	0	10	13	189.8	  0.0 
615	0	10	14	276.1	  0.0 
616	0	10	15	137.4	  0.0 
617	0	10	16	 60.9	  0.0 
618	0	10	17	 61.9	  0.0 
619	0	10	18	 45.0	  0.0 
620	0	10	19	 44.4	  0.0 
621	0	10	20	 49.9	  0.0 
622	0	10	21	 92.8	  0.0 
623	0	10	22	112.6	  0.0 
624	0	10	23	133.2	  0.0 
625	0	10	24	108.7	  0.0 
626	0	10	25	147.0	  0.0 
627	0	10	26	193.0	  0.0 
628	0	10	27	133.8	  0.0 
629	0	10	28	 80.4	  0.0 
630	0	10	29	 82.2	  0.0 
631	0	10	30	 83.8	  0.0 
632	0	10	31	 61.4	  0.0 
633	0	10	32	 36.2	  0.0 
634	0	10	33	 68.6	  0.0 
635	0	10	34	 73.7	  0.0 
636	0	10	35	 71.2	  0.0 
637	0	10	36	 76.2	  0.0 
638	0	10	37	113.2	  0.0 
639	0	10	38	140.8	  0.0 
640	0	10	39	159.1	  0.0 
641	0	10	40	116.7	  0.0 
642	0	10	41	107.6	  0.0 
643	0	10	42	 54.9	  0.0 
644	0	10	43	 69.1	  0.0 
645	0	10	44	 38.8	  0.0 
646	0	10	45	 18.7	  0.0 
647	0	10	46	 28.4	  0.0 
648	0	10	47	 32.3	  0.0 
649	0	10	48	 27.4	  0.0 
650	0	10	49	 16.0	  0.0 
651	0	10	50	 20.9	  0.0 
652	0	10	51	 19.8	  0.0 
653	0	10	52	 19.7	  0.0 
654	0	10	53	 17.6	  0.0 
655	0	10	54	 24.2	  0.0 
656	0	10	55	 11.9	  0.0 
657	0	10	56	 10.6	  0.0 
658	0	10	57	 10.7	  0.0 
659	0	10	58	 11.4	  0.0 
660	0	10	59	 11.6	  0.0 
661	0	11	0	 12.1	  0.0 
662	0	11	1	  7.0	  0.0 
663	0	11	2	  8.1	  0.0 
664	0	11	3	 12.9	  0.0 
665	0	11	4	 14.8	  0.0 
666	0	11	5	  9.4	  0.0 
667	0	11	6	  9.8	  0.0 
668	0	11	7	 14.2	  0.0 
669	0	11	8	 15.4	  0.0 
670	0	11	9	 16.8	  0.0 
671	0	11	10	  8.0	  0.0 
672	0	11	11	  8.2	  0.0 
673	0	11	12	  7.6	  0.0 
674	0	11	13	 11.4	  0.0 
675	0	11	14	  8.3	  0.0 
676	0	11	15	  9.5	  0.0 
677	0	11	16	 22.8	  0.0 
678	0	11	17	 45.8	  0.0 
679	0	11	18	 39.7	  0.0 
680	0	11	19	 36.8	  0.0 
681	0	11	20	 30.5	  0.0 
682	0	11	21	 21.1	  0.0 
683	0	11	22	 23.8	  0.0 
684	0	11	23	 12.4	  0.0 
685	0	11	24	 16.3	  0.0 
686	0	11	25	 11.4	  0.0 
687	0	11	26	 12.4	  0.0 
688	0	11	27	 23.8	  0.0 
689	0	11	28	 15.8	  0.0 
690	0	11	29	 23.3	  0.0 
691	0	11	30	 15.8	  0.0 
692	0	11	31	 19.9	  0.0 
693	0	11	32	 23.9	  0.0 
694	0	11	33	 24.7	  0.0 
695	0	11	34	 79.2	  0.0 
696	0	11	35	 39.6	  0.0 
697	0	11	36	 38.0	  0.0 
698	0	11	37	 35.0	  0.0 
699	0	11	38	 28.8	  0.0 
700	0	11	39	 30.3	  0.0 
701	0	11	40	 48.2	  0.0 
702	0	11	41	 50.6	  0.0 
703	0	11	42	 59.6	  0.0 
704	0	11	43	 55.9	  0.0 
705	0	11	44	 92.7	  0.0 
706	0	11	45	100.7	  0.0 
707	0	11	46	 34.5	  0.0 
708	0	11	47	 29.0	  0.0 
709	0	11	48	 31.3	  0.0 
710	0	11	49	 28.4	  0.0 
711	0	11	50	 57.2	  0.0 
712	0	11	51	 87.4	  0.0 
713	0	11	52	 87.5	  0.0 
714	0	11	53	 98.5	  0.0 
715	0	11	54	132.8	  0.0 
716	0	11	55	189.7	  0.0 
717	0	11	56	150.7	  0.0 
718	0	11	57	 72.6	  0.0 
719	0	11	58	 76.6	  0.0 
720	0	11	59	 67.9	  0.0 
721	0	12	0	 50.8	  0.0 
722	0	12	1	 61.7	  0.0 
723	0	12	2	 60.0	  0.0 
724	0	12	3	101.8	  0.0 
725	0	12	4	 86.6	  0.0 
726	0	12	5	103.6	  0.0 
727	0	12	6	164.1	  0.0 
728	0	12	7	173.9	  0.0 
729	0	12	8	125.3	  0.0 
730	0	12	9	 79.9	  0.0 
731	0	12	10	 78.8	  0.0 
732	0	12	11	 68.3	  0.0 
733	0	12	12	 70.9	  0.0 
734	0	12	13	127.8	  0.0 
735	0	12	14	104.1	  0.0 
736	0	12	15	134.2	  0.0 
737	0	12	16	117.8	  0.0 
738	0	12	17	152.6	  0.0 
739	0	12	18	176.4	  0.0 
740	0	12	19	280.2	  0.0 
741	0	12	20	158.2	  0.0 
742	0	12	21	 68.7	  0.0 
743	0	12	22	 61.1	  0.0 
744	0	12	23	 46.1	  0.0 
745	0	12	24	 44.3	  0.0 
746	0	12	25	 45.8	  0.0 
747	0	12	26	 95.6	  0.0 
748	0	12	27	 92.9	  0.0 
749	0	12	28	140.6	  0.0 
750	0	12	29	109.9	  0.0 
751	0	12	30	130.0	  0.0 
752	0	12	31	198.8	  0.0 
753	0	12	32	149.7	  0.0 
754	0	12	33	 79.9	  0.0 
755	0	12	34	 84.7	  0.0 
756	0	12	35	 85.5	  0.0 
757	0	12	36	 66.7	  0.0 
758	0	12	37	 39.6	  0.0 
759	0	12	38	 62.5	  0.0 
760	0	12	39	 72.5	  0.0 
761	0	12	40	 74.4	  0.0 
762	0	12	41	 65.5	  0.0 
763	0	12	42	109.4	  0.0 
764	0	12	43	131.7	  0.0 
765	0	12	44	 74.8	  0.0 
766	0	12	45	 11.2	  0.0 
767	0	12	46	  6.6	  0.0 
768	0	12	47	  8.3	  0.0 
769	0	12	48	 17.3	  0.0 
770	0	12	49	 13.9	  0.0 
771	0	12	50	 28.5	  0.0 
772	0	12	51	 22.6	  0.0 
773	0	12	52	 12.8	  0.0 
774	0	12	53	 15.7	  0.0 
775	0	12	54	  8.9	  0.0 
776	0	12	55	 21.5	  0.0 
777	0	12	56	 17.6	  0.0 
778	0	12	57	 17.1	  0.0 
779	0	12	58	 24.7	  0.0 
780	0	12	59	 29.2	  0.0 
781	0	13	0	 18.1	  0.0 
782	0	13	1	  8.8	  0.0 
783	0	13	2	 11.8	  0.0 
784	0	13	3	  7.4	  0.0 
785	0	13	4	 11.3	  0.0 
786	0	13	5	 11.1	  0.0 
787	0	13	6	 18.7	  0.0 
788	0	13	7	 31.6	  0.0 
789	0	13	8	 43.3	  0.0 
790	0	13	9	 34.9	  0.0 
791	0	13	10	 31.3	  0.0 
792	0	13	11	 19.7	  0.0 
793	0	13	12	 16.6	  0.0 
794	0	13	13	 13.4	  0.0 
795	0	13	14	 11.2	  0.0 
796	0	13	15	  7.7	  0.0 
797	0	13	16	  5.5	  0.0 
798	0	13	17	  6.0	  0.0 
799	0	13	18	  9.8	  0.0 
800	0	13	19	 21.5	  0.0 
801	0	13	20	 22.8	  0.0 
802	0	13	21	 29.0	  0.0 
803	0	13	22	 24.6	  0.0 
804	0	13	23	 32.9	  0.0 
805	0	13	24	 15.1	  0.0 
806	0	13	25	 27.7	  0.0 
807	0	13	26	  6.0	  0.0 
808	0	13	27	  2.5	  0.0 
809	0	13	28	 16.2	  0.0 
810	0	13	29	 12.5	  0.0 
811	0	13	30	 19.2	  0.0 
812	0	13	31	 10.7	  0.0 
813	0	13	32	 15.1	  0.0 
814	0	13	33	 14.9	  0.0 
815	0	13	34	 16.7	  0.0 
816	0	13	35	 10.0	  0.0 
817	0	13	36	  4.5	  0.0 
818	0	13	37	 14.0	  0.0 
819	0	13	38	 14.1	  0.0 
820	0	13	39	 16.7	  0.0 
821	0	13	40	 15.6	  0.0 
822	0	13	41	  9.2	  0.0 
823	0	13	42	  5.2	  0.0 
824	0	13	43	 10.8	  0.0 
825	0	13	44	 14.7	  0.0 
826	0	13	45	 12.8	  0.0 
827	0	13	46	 21.8	  0.0 
828	0	13	47	 34.7	  0.0 
829	0	13	48	 20.7	  0.0 
830	0	13	49	 13.4	  0.0 
831	0	13	50	 16.6	  0.0 
832	0	13	51	  6.3	  0.0 
833	0	13	52	  8.8	  0.0 
834	0	13	53	 19.3	  0.0 
835	0	13	54	 26.9	  0.0 
836	0	13	55	 25.4	  0.0 
837	0	13	56	 14.6	  0.0 
838	0	13	57	 22.7	  0.0 
839	0	13	58	 11.2	  0.0 
840	0	13	59	 28.2	  0.0 
841	0	14	0	 19.1	  0.0 
842	0	14	1	 12.9	  0.0 
843	0	14	2	  6.8	  0.0 
844	0	14	3	  3.9	  0.0 
845	0	14	4	  6.6	  0.0 
846	0	14	5	 10.5	  0.0 
847	0	14	6	 22.7	  0.0 
848	0	14	7	 22.7	  0.0 
849	0	14	8	 16.6	  0.0 
850	0	14	9	 12.0	  0.0 
851	0	14	10	 18.8	  0.0 
852	0	14	11	 18.9	  0.0 
853	0	14	12	 16.8	  0.0 
854	0	14	13	 40.2	  0.0 
855	0	14	14	 48.8	  0.0 
856	0	14	15	 61.6	  0.0 
857	0	14	16	 40.5	  0.0 
858	0	14	17	 25.9	  0.0 
859	0	14	18	 51.2	  0.0 
860	0	14	19	 75.0	  0.0 
861	0	14	20	 60.9	  0.0 
862	0	14	21	 58.0	  0.0 
863	0	14	22	 70.9	  0.0 
864	0	14	23	 77.0	  0.0 
865	0	14	24	 51.2	  0.0 
866	0	14	25	 19.6	  0.0 
867	0	14	26	 22.9	  0.0 
868	0	14	27	 41.8	  0.0 
869	0	14	28	 42.9	  0.0 
870	0	14	29	 48.7	  0.0 
871	0	14	30	 61.5	  0.0 
872	0	14	31	 67.6	  0.0 
873	0	14	32	 73.8	  0.0 
874	0	14	33	 43.9	  0.0 
875	0	14	34	 23.9	  0.0 
876	0	14	35	 36.5	  0.0 
877	0	14	36	 23.1	  0.0 
878	0	14	37	 12.4	  0.0 
879	0	14	38	 12.7	  0.0 
880	0	14	39	 15.6	  0.0 
881	0	14	40	 16.1	  0.0 
882	0	14	41	 14.1	  0.0 
883	0	14	42	 27.2	  0.0 
884	0	14	43	 20.9	  0.0 
885	0	14	44	  7.1	  0.0 
886	0	14	45	  5.8	  0.0 
887	0	14	46	  9.5	  0.0 
888	0	14	47	  6.8	  0.0 
889	0	14	48	  2.7	  0.0 
890	0	14	49	 54.8	  0.0 
891	0	14	50	118.5	  0.0 
892	0	14	51	160.1	  0.0 
893	0	14	52	 63.7	  0.0 
894	0	14	53	 23.6	  0.0 
895	0	14	54	 21.4	  0.0 
896	0	14	55	 53.4	  0.0 
897	0	14	56	 29.1	  0.0 
898	0	14	57	 19.3	  0.0 
899	0	14	58	 78.3	  0.0 
900	0	14	59	 57.9	  0.0 
901	0	15	0	 67.2	  0.0 
902	0	15	1	 66.0	  0.0 
903	0	15	2	 87.3	  0.0 
904	0	15	3	 55.6	  0.0 
905	0	15	4	 35.7	  0.0 
906	0	15	5	 72.4	  0.0 
907	0	15	6	 14.7	  0.0 
908	0	15	7	 12.6	  0.0 
909	0	15	8	 18.9	  0.0 
910	0	15	9	 13.1	  0.0 
911	0	15	10	 11.7	  0.0 
912	0	15	11	 12.8	  0.0 
913	0	15	12	 55.6	  0.0 
914	0	15	13	 61.8	  0.0 
915	0	15	14	166.4	  0.0 
916	0	15	15	 58.1	  0.0 
917	0	15	16	 47.0	  0.0 
918	0	15	17	 37.5	  0.0 
919	0	15	18	 42.0	  0.0 
920	0	15	19	  3.6	  0.0 
921	0	15	20	  3.6	  0.0 
922	0	15	21	  6.1	  0.0 
923	0	15	22	 15.3	  0.0 
924	0	15	23	  8.7	  0.0 
925	0	15	24	 10.6	  0.0 
926	0	15	25	 32.3	  0.0 
927	0	15	26	101.4	  0.0 
928	0	15	27	 57.2	  0.0 
929	0	15	28	 33.9	  0.0 
930	0	15	29	 25.6	  0.0 
931	0	15	30	 64.6	  0.0 
932	0	15	31	 47.5	  0.0 
933	0	15	32	 50.0	  0.0 
934	0	15	33	  2.4	  0.0 
935	0	15	34	 10.1	  0.0 
936	0	15	35	 17.1	  0.0 
937	0	15	36	 19.5	  0.0 
938	0	15	37	 35.9	  0.0 
939	0	15	38	 59.3	  0.0 
940	0	15	39	 80.9	  0.0 
941	0	15	40	 49.1	  0.0 
942	0	15	41	 22.1	  0.0 
943	0	15	42	 45.5	  0.0 
944	0	15	43	 98.5	  0.0 
945	0	15	44	 62.1	  0.0 
946	0	15	45	  9.5	  0.0 
947	0	15	46	  6.4	  0.0 
948	0	15	47	 29.4	  0.0 
949	0	15	48	 54.8	  0.0 
950	0	15	49	106.1	  0.0 
951	0	15	50	193.2	  0.0 
952	0	15	51	171.2	  0.0 
953	0	15	52	 38.1	  0.0 
954	0	15	53	 32.1	  0.0 
955	0	15	54	 28.4	  0.0 
956	0	15	55	 54.5	  0.0 
957	0	15	56	 16.6	  0.0 
958	0	15	57	  9.8	  0.0 
959	0	15	58	 35.8	  0.0 
960	0	15	59	 30.0	  0.0 
961	0	16	0	112.9	  0.0 
962	0	16	1	 46.8	  0.0 
963	0	16	2	 93.0	  0.0 
964	0	16	3	 89.2	  0.0 
965	0	16	4	 37.3	  0.0 
966	0	16	5	110.4	  0.0 
967	0	16	6	 87.1	  0.0 
968	0	16	7	 18.2	  0.0 
969	0	16	8	  3.4	  0.0 
970	0	16	9	 13.3	  0.0 
971	0	16	10	 17.8	  0.0 
972	0	16	11	 19.4	  0.0 
973	0	16	12	 53.6	  0.0 
974	0	16	13	117.2	  0.0 
975	0	16	14	183.5	  0.0 
976	0	16	15	101.0	  0.0 
977	0	16	16	 73.2	  0.0 
978	0	16	17	 23.0	  0.0 
979	0	16	18	 79.1	  0.0 
980	0	16	19	 53.3	  0.0 
981	0	16	20	 26.0	  0.0 
982	0	16	21	 12.2	  0.0 
983	0	16	22	 12.9	  0.0 
984	0	16	23	 34.7	  0.0 
985	0	16	24	 21.9	  0.0 
986	0	16	25	 75.1	  0.0 
987	0	16	26	 92.8	  0.0 
988	0	16	27	 97.1	  0.0 
989	0	16	28	 79.5	  0.0 
990	0	16	29	100.8	  0.0 
991	0	16	30	 22.0	  0.0 
992	0	16	31	 59.8	  0.0 
993	0	16	32	 70.4	  0.0 
994	0	16	33	 12.8	  0.0 
995	0	16	34	  1.6	  0.0 
996	0	16	35	  7.3	  0.0 
997	0	16	36	 21.2	  0.0 
998	0	16	37	 25.3	  0.0 
999	0	16	38	 30.8	  0.0 
1000	0	16	39	 76.7	  0.0 
1001	0	16	40	 98.6	  0.0 
1002	0	16	41	 80.2	  0.0 
1003	0	16	42	  9.1	  0.0 
1004	0	16	43	 38.8	  0.0 
1005	0	16	44	 47.2	  0.0 
1006	0	16	45	  0.2	  0.0 
1007	0	16	46	 18.3	  0.0 
1008	0	16	47	 39.4	  0.0 
1009	0	16	48	 98.2	  0.0 
1010	0	16	49	115.1	  0.0 
1011	0	16	50	209.8	  0.0 
1012	0	16	51	191.0	  0.0 
1013	0	16	52	 35.8	  0.0 
1014	0	16	53	 31.7	  0.0 
1015	0	16	54	105.0	  0.0 
1016	0	16	55	 50.1	  0.0 
1017	0	16	56	195.2	  0.0 
1018	0	16	57	393.8	  0.0 
1019	0	16	58	 57.4	  0.0 
1020	0	16	59	115.2	  0.0 
1021	0	17	0	 17.0	  0.0 
1022	0	17	1	 65.8	  0.0 
1023	0	17	2	136.3	  0.0 
1024	0	17	3	 95.6	  0.0 
1025	0	17	4	 17.0	  0.0 
1026	0	17	5	 16.0	  0.0 
1027	0	17	6	 53.6	  0.0 
1028	0	17	7	  6.7	  0.0 
1029	0	17	8	 15.7	  0.0 
1030	0	17	9	 17.1	  0.0 
1031	0	17	10	 17.9	  0.0 
1032	0	17	11	 26.7	  0.0 
1033	0	17	12	 38.8	  0.0 
1034	0	17	13	 90.4	  0.0 
1035	0	17	14	211.5	  0.0 
1036	0	17	15	105.1	  0.0 
1037	0	17	16	 36.5	  0.0 
1038	0	17	17	115.7	  0.0 
1039	0	17	18	341.5	  0.0 
1040	0	17	19	323.8	  0.0 
1041	0	17	20	134.9	  0.0 
1042	0	17	21	  6.9	  0.0 
1043	0	17	22	 11.2	  0.0 
1044	0	17	23	 28.1	  0.0 
1045	0	17	24	 35.0	  0.0 
1046	0	17	25	 27.8	  0.0 
1047	0	17	26	 76.7	  0.0 
1048	0	17	27	158.9	  0.0 
1049	0	17	28	112.9	  0.0 
1050	0	17	29	 16.9	  0.0 
1051	0	17	30	 10.4	  0.0 
1052	0	17	31	 23.9	  0.0 
1053	0	17	32	 26.4	  0.0 
1054	0	17	33	 19.5	  0.0 
1055	0	17	34	 32.2	  0.0 
1056	0	17	35	 10.6	  0.0 
1057	0	17	36	 30.8	  0.0 
1058	0	17	37	 66.5	  0.0 
1059	0	17	38	132.2	  0.0 
1060	0	17	39	203.8	  0.0 
1061	0	17	40	232.1	  0.0 
1062	0	17	41	 92.8	  0.0 
1063	0	17	42	 38.3	  0.0 
1064	0	17	43	144.1	  0.0 
1065	0	17	44	164.7	  0.0 
1066	0	17	45	230.4	  0.0 
1067	0	17	46	246.8	  0.0 
1068	0	17	47	271.6	  0.0 
1069	0	17	48	293.9	  0.0 
1070	0	17	49	285.3	  0.0 
1071	0	17	50	282.7	  0.0 
1072	0	17	51	257.6	  0.0 
1073	0	17	52	254.3	  0.0 
1074	0	17	53	238.3	  0.0 
1075	0	17	54	241.4	  0.0 
1076	0	17	55	245.7	  0.0 
1077	0	17	56	260.4	  0.0 
1078	0	17	57	258.3	  0.0 
1079	0	17	58	267.2	  0.0 
