              DRT4 Data File V2.0
============================================================

1) Subject Information
Subject Name:  
Subject No:  
Date of Birth:  
Subject Address:  
Operator:   
Date: 12:00:43 (7/5/2025) 
DRT4 Serial Number: #3173 
Comment:  

2) Monitor Schedule
Indefinite monitoring until stopped by user
3) Display Configuration
Total Graph Number: 1 
Active Graph Number: 1 
Sampling Rate:   1/sec 
Time Constant: off 
Time Offset: 0.5 sec 
Time Offset: 0 sec 
Total Mark Number: 15 
Active Mark Number: 15 
No: 	Hour	Min	Sec	Label	Comment	Current	Heater1	Heater2
1: 	0	10	47	Event1	PC User Marker			
2: 	0	12	19	Event2	PC User Marker			
3: 	0	15	21	Event3	PC User Marker			
4: 	0	16	59	Event4	PC User Marker			
5: 	0	19	22	Event5	PC User Marker			
6: 	0	21	44	Event6	PC User Marker			
7: 	0	23	26	Event7	PC User Marker			
8: 	0	25	15	Event8	PC User Marker			
9: 	0	26	17	Event9	PC User Marker			
10: 	0	27	44	Event10	PC User Marker			
11: 	0	27	59	Event11	PC User Marker			
12: 	0	28	52	Event12	PC User Marker			
13: 	0	29	43	Event13	PC User Marker			
14: 	0	30	31	Event14	PC User Marker			
15: 	0	30	54	Event15				


4) Trace Data
No: 	Hour 	Min 	Sec 	F1 
1	0	0	0	113.2 
2	0	0	1	111.2 
3	0	0	2	107.6 
4	0	0	3	107.0 
5	0	0	4	102.0 
6	0	0	5	112.7 
7	0	0	6	114.7 
8	0	0	7	103.7 
9	0	0	8	114.8 
10	0	0	9	108.1 
11	0	0	10	105.2 
12	0	0	11	 97.9 
13	0	0	12	 91.6 
14	0	0	13	 85.4 
15	0	0	14	 82.8 
16	0	0	15	 79.2 
17	0	0	16	 86.7 
18	0	0	17	 97.6 
19	0	0	18	100.6 
20	0	0	19	 97.0 
21	0	0	20	103.7 
22	0	0	21	104.0 
23	0	0	22	 99.9 
24	0	0	23	100.9 
25	0	0	24	 92.3 
26	0	0	25	 83.6 
27	0	0	26	 79.2 
28	0	0	27	 82.1 
29	0	0	28	 93.6 
30	0	0	29	 98.7 
31	0	0	30	109.8 
32	0	0	31	130.0 
33	0	0	32	145.8 
34	0	0	33	150.8 
35	0	0	34	163.9 
36	0	0	35	162.8 
37	0	0	36	160.5 
38	0	0	37	159.8 
39	0	0	38	156.7 
40	0	0	39	152.6 
41	0	0	40	156.7 
42	0	0	41	143.0 
43	0	0	42	140.0 
44	0	0	43	150.4 
45	0	0	44	151.0 
46	0	0	45	138.2 
47	0	0	46	125.8 
48	0	0	47	 98.4 
49	0	0	48	 83.9 
50	0	0	49	 79.6 
51	0	0	50	 73.8 
52	0	0	51	 71.4 
53	0	0	52	 71.5 
54	0	0	53	 80.3 
55	0	0	54	100.3 
56	0	0	55	108.1 
57	0	0	56	111.9 
58	0	0	57	119.1 
59	0	0	58	122.8 
60	0	0	59	108.4 
61	0	1	0	105.7 
62	0	1	1	104.1 
63	0	1	2	108.7 
64	0	1	3	114.6 
65	0	1	4	133.6 
66	0	1	5	129.8 
67	0	1	6	142.8 
68	0	1	7	158.2 
69	0	1	8	179.4 
70	0	1	9	178.9 
71	0	1	10	177.8 
72	0	1	11	169.7 
73	0	1	12	156.8 
74	0	1	13	146.5 
75	0	1	14	134.5 
76	0	1	15	154.9 
77	0	1	16	164.7 
78	0	1	17	167.8 
79	0	1	18	181.4 
80	0	1	19	179.5 
81	0	1	20	186.2 
82	0	1	21	195.5 
83	0	1	22	184.4 
84	0	1	23	180.7 
85	0	1	24	168.3 
86	0	1	25	166.2 
87	0	1	26	161.8 
88	0	1	27	151.6 
89	0	1	28	152.5 
90	0	1	29	158.0 
91	0	1	30	163.2 
92	0	1	31	163.2 
93	0	1	32	162.8 
94	0	1	33	154.9 
95	0	1	34	148.2 
96	0	1	35	152.9 
97	0	1	36	155.8 
98	0	1	37	148.1 
99	0	1	38	147.4 
100	0	1	39	150.2 
101	0	1	40	146.9 
102	0	1	41	138.9 
103	0	1	42	134.3 
104	0	1	43	137.0 
105	0	1	44	138.6 
106	0	1	45	139.4 
107	0	1	46	137.9 
108	0	1	47	135.8 
109	0	1	48	130.0 
110	0	1	49	119.1 
111	0	1	50	118.4 
112	0	1	51	131.1 
113	0	1	52	144.8 
114	0	1	53	163.2 
115	0	1	54	163.9 
116	0	1	55	151.1 
117	0	1	56	137.3 
118	0	1	57	128.1 
119	0	1	58	124.5 
120	0	1	59	117.9 
121	0	2	0	116.2 
122	0	2	1	116.8 
123	0	2	2	118.3 
124	0	2	3	122.0 
125	0	2	4	138.7 
126	0	2	5	156.3 
127	0	2	6	154.9 
128	0	2	7	156.2 
129	0	2	8	152.2 
130	0	2	9	142.2 
131	0	2	10	134.1 
132	0	2	11	138.1 
133	0	2	12	137.3 
134	0	2	13	151.8 
135	0	2	14	153.9 
136	0	2	15	153.4 
137	0	2	16	149.4 
138	0	2	17	144.2 
139	0	2	18	147.8 
140	0	2	19	145.0 
141	0	2	20	147.4 
142	0	2	21	143.7 
143	0	2	22	138.4 
144	0	2	23	136.6 
145	0	2	24	140.3 
146	0	2	25	128.7 
147	0	2	26	114.5 
148	0	2	27	109.0 
149	0	2	28	107.4 
150	0	2	29	134.2 
151	0	2	30	131.0 
152	0	2	31	128.6 
153	0	2	32	132.5 
154	0	2	33	133.1 
155	0	2	34	134.3 
156	0	2	35	133.4 
157	0	2	36	126.9 
158	0	2	37	134.6 
159	0	2	38	147.1 
160	0	2	39	161.6 
161	0	2	40	161.9 
162	0	2	41	160.9 
163	0	2	42	151.3 
164	0	2	43	145.3 
165	0	2	44	140.2 
166	0	2	45	109.0 
167	0	2	46	 78.3 
168	0	2	47	 62.7 
169	0	2	48	 66.0 
170	0	2	49	 65.3 
171	0	2	50	 72.2 
172	0	2	51	 74.0 
173	0	2	52	 86.2 
174	0	2	53	 91.2 
175	0	2	54	 78.2 
176	0	2	55	 88.8 
177	0	2	56	 92.4 
178	0	2	57	 75.7 
179	0	2	58	 43.6 
180	0	2	59	 31.8 
181	0	3	0	 32.8 
182	0	3	1	 26.9 
183	0	3	2	 25.7 
184	0	3	3	 35.1 
185	0	3	4	 57.9 
186	0	3	5	 62.2 
187	0	3	6	 75.2 
188	0	3	7	 81.6 
189	0	3	8	100.1 
190	0	3	9	 97.8 
191	0	3	10	 92.4 
192	0	3	11	 92.3 
193	0	3	12	 96.3 
194	0	3	13	 99.7 
195	0	3	14	 97.8 
196	0	3	15	101.7 
197	0	3	16	100.0 
198	0	3	17	 97.9 
199	0	3	18	103.8 
200	0	3	19	108.3 
201	0	3	20	113.8 
202	0	3	21	116.4 
203	0	3	22	116.0 
204	0	3	23	116.2 
205	0	3	24	115.6 
206	0	3	25	109.2 
207	0	3	26	109.5 
208	0	3	27	114.1 
209	0	3	28	126.0 
210	0	3	29	125.8 
211	0	3	30	135.3 
212	0	3	31	176.1 
213	0	3	32	144.8 
214	0	3	33	134.4 
215	0	3	34	141.0 
216	0	3	35	126.5 
217	0	3	36	102.0 
218	0	3	37	103.8 
219	0	3	38	110.4 
220	0	3	39	115.7 
221	0	3	40	130.5 
222	0	3	41	141.4 
223	0	3	42	149.4 
224	0	3	43	148.7 
225	0	3	44	139.9 
226	0	3	45	137.9 
227	0	3	46	132.0 
228	0	3	47	128.2 
229	0	3	48	127.8 
230	0	3	49	134.5 
231	0	3	50	132.9 
232	0	3	51	121.3 
233	0	3	52	103.8 
234	0	3	53	 94.1 
235	0	3	54	 95.5 
236	0	3	55	 98.4 
237	0	3	56	107.5 
238	0	3	57	103.1 
239	0	3	58	 94.7 
240	0	3	59	 94.9 
241	0	4	0	102.3 
242	0	4	1	111.3 
243	0	4	2	113.2 
244	0	4	3	124.1 
245	0	4	4	124.4 
246	0	4	5	134.0 
247	0	4	6	139.6 
248	0	4	7	144.5 
249	0	4	8	129.1 
250	0	4	9	 99.1 
251	0	4	10	 87.1 
252	0	4	11	 73.8 
253	0	4	12	 55.6 
254	0	4	13	 50.3 
255	0	4	14	 49.2 
256	0	4	15	 42.9 
257	0	4	16	 51.3 
258	0	4	17	 43.2 
259	0	4	18	 43.6 
260	0	4	19	 54.1 
261	0	4	20	 56.8 
262	0	4	21	 37.6 
263	0	4	22	 37.3 
264	0	4	23	 35.7 
265	0	4	24	 39.8 
266	0	4	25	 30.0 
267	0	4	26	 43.0 
268	0	4	27	 35.4 
269	0	4	28	 38.5 
270	0	4	29	 42.3 
271	0	4	30	 38.1 
272	0	4	31	 33.2 
273	0	4	32	 33.7 
274	0	4	33	 43.3 
275	0	4	34	 53.2 
276	0	4	35	 60.5 
277	0	4	36	 59.6 
278	0	4	37	 49.8 
279	0	4	38	 38.0 
280	0	4	39	 53.8 
281	0	4	40	 38.4 
282	0	4	41	 36.7 
283	0	4	42	 33.4 
284	0	4	43	 31.2 
285	0	4	44	 31.5 
286	0	4	45	 33.0 
287	0	4	46	 52.7 
288	0	4	47	 62.3 
289	0	4	48	 71.4 
290	0	4	49	 75.7 
291	0	4	50	 69.7 
292	0	4	51	 64.2 
293	0	4	52	 57.0 
294	0	4	53	 48.5 
295	0	4	54	 43.7 
296	0	4	55	 39.7 
297	0	4	56	 43.4 
298	0	4	57	 49.2 
299	0	4	58	 53.3 
300	0	4	59	 59.1 
301	0	5	0	 68.0 
302	0	5	1	 74.5 
303	0	5	2	 80.7 
304	0	5	3	 75.1 
305	0	5	4	 67.8 
306	0	5	5	 61.8 
307	0	5	6	 51.1 
308	0	5	7	 48.8 
309	0	5	8	 43.5 
310	0	5	9	 48.4 
311	0	5	10	 62.7 
312	0	5	11	 77.1 
313	0	5	12	 81.6 
314	0	5	13	 76.1 
315	0	5	14	 79.7 
316	0	5	15	 73.7 
317	0	5	16	 59.2 
318	0	5	17	 56.9 
319	0	5	18	 63.7 
320	0	5	19	 60.0 
321	0	5	20	 61.0 
322	0	5	21	 56.7 
323	0	5	22	 59.5 
324	0	5	23	 50.8 
325	0	5	24	 54.7 
326	0	5	25	 63.1 
327	0	5	26	 58.5 
328	0	5	27	 55.9 
329	0	5	28	 56.3 
330	0	5	29	 64.1 
331	0	5	30	 62.0 
332	0	5	31	 64.0 
333	0	5	32	 69.3 
334	0	5	33	 80.0 
335	0	5	34	 75.9 
336	0	5	35	 69.9 
337	0	5	36	 64.9 
338	0	5	37	 72.7 
339	0	5	38	 65.7 
340	0	5	39	 57.1 
341	0	5	40	 52.2 
342	0	5	41	 54.3 
343	0	5	42	 55.7 
344	0	5	43	 57.5 
345	0	5	44	 61.8 
346	0	5	45	 65.0 
347	0	5	46	 63.3 
348	0	5	47	 67.5 
349	0	5	48	 65.4 
350	0	5	49	 59.7 
351	0	5	50	 57.0 
352	0	5	51	 52.3 
353	0	5	52	 54.9 
354	0	5	53	 67.9 
355	0	5	54	 73.6 
356	0	5	55	 72.9 
357	0	5	56	 69.2 
358	0	5	57	 62.6 
359	0	5	58	 66.3 
360	0	5	59	 76.6 
361	0	6	0	 74.0 
362	0	6	1	 77.4 
363	0	6	2	 74.6 
364	0	6	3	 73.2 
365	0	6	4	 88.9 
366	0	6	5	 99.2 
367	0	6	6	120.8 
368	0	6	7	125.0 
369	0	6	8	128.4 
370	0	6	9	137.1 
371	0	6	10	141.1 
372	0	6	11	144.8 
373	0	6	12	137.6 
374	0	6	13	122.2 
375	0	6	14	111.7 
376	0	6	15	103.4 
377	0	6	16	 99.7 
378	0	6	17	 99.2 
379	0	6	18	100.2 
380	0	6	19	108.5 
381	0	6	20	110.1 
382	0	6	21	107.4 
383	0	6	22	109.7 
384	0	6	23	125.7 
385	0	6	24	 96.8 
386	0	6	25	 84.2 
387	0	6	26	 79.4 
388	0	6	27	 97.5 
389	0	6	28	 95.7 
390	0	6	29	 94.0 
391	0	6	30	100.7 
392	0	6	31	105.9 
393	0	6	32	118.6 
394	0	6	33	112.3 
395	0	6	34	 99.8 
396	0	6	35	102.3 
397	0	6	36	 76.4 
398	0	6	37	 58.6 
399	0	6	38	 49.4 
400	0	6	39	 50.0 
401	0	6	40	 40.6 
402	0	6	41	 51.2 
403	0	6	42	 67.9 
404	0	6	43	 72.4 
405	0	6	44	 89.2 
406	0	6	45	 95.0 
407	0	6	46	 99.6 
408	0	6	47	103.1 
409	0	6	48	 94.8 
410	0	6	49	 90.7 
411	0	6	50	 79.8 
412	0	6	51	 63.9 
413	0	6	52	 59.9 
414	0	6	53	 54.4 
415	0	6	54	 52.5 
416	0	6	55	 53.2 
417	0	6	56	 71.0 
418	0	6	57	 73.0 
419	0	6	58	 65.8 
420	0	6	59	 59.6 
421	0	7	0	 52.0 
422	0	7	1	 49.6 
423	0	7	2	 47.6 
424	0	7	3	 67.0 
425	0	7	4	 59.7 
426	0	7	5	 60.5 
427	0	7	6	 55.3 
428	0	7	7	 77.8 
429	0	7	8	 90.5 
430	0	7	9	 93.9 
431	0	7	10	 97.0 
432	0	7	11	101.2 
433	0	7	12	105.2 
434	0	7	13	109.1 
435	0	7	14	 94.2 
436	0	7	15	 78.4 
437	0	7	16	 73.8 
438	0	7	17	 69.4 
439	0	7	18	 68.3 
440	0	7	19	 65.6 
441	0	7	20	 70.9 
442	0	7	21	 80.1 
443	0	7	22	 86.9 
444	0	7	23	 86.6 
445	0	7	24	 94.2 
446	0	7	25	105.6 
447	0	7	26	101.4 
448	0	7	27	 92.1 
449	0	7	28	 88.3 
450	0	7	29	 91.0 
451	0	7	30	 86.7 
452	0	7	31	 82.6 
453	0	7	32	 75.7 
454	0	7	33	 81.5 
455	0	7	34	 76.2 
456	0	7	35	100.2 
457	0	7	36	 89.2 
458	0	7	37	 75.1 
459	0	7	38	 72.6 
460	0	7	39	 98.8 
461	0	7	40	 98.7 
462	0	7	41	109.6 
463	0	7	42	110.3 
464	0	7	43	111.2 
465	0	7	44	117.3 
466	0	7	45	102.4 
467	0	7	46	 97.6 
468	0	7	47	106.9 
469	0	7	48	 84.2 
470	0	7	49	 91.0 
471	0	7	50	 98.2 
472	0	7	51	108.2 
473	0	7	52	119.9 
474	0	7	53	126.7 
475	0	7	54	129.8 
476	0	7	55	132.7 
477	0	7	56	124.0 
478	0	7	57	106.9 
479	0	7	58	113.9 
480	0	7	59	125.8 
481	0	8	0	125.3 
482	0	8	1	125.2 
483	0	8	2	132.7 
484	0	8	3	132.0 
485	0	8	4	139.8 
486	0	8	5	139.2 
487	0	8	6	133.1 
488	0	8	7	141.2 
489	0	8	8	123.7 
490	0	8	9	115.6 
491	0	8	10	131.6 
492	0	8	11	134.6 
493	0	8	12	126.6 
494	0	8	13	141.5 
495	0	8	14	147.3 
496	0	8	15	146.4 
497	0	8	16	141.2 
498	0	8	17	132.5 
499	0	8	18	116.5 
500	0	8	19	 91.4 
501	0	8	20	 73.2 
502	0	8	21	 84.1 
503	0	8	22	 98.5 
504	0	8	23	106.3 
505	0	8	24	112.0 
506	0	8	25	120.5 
507	0	8	26	107.0 
508	0	8	27	104.4 
509	0	8	28	104.6 
510	0	8	29	 94.1 
511	0	8	30	 97.4 
512	0	8	31	107.3 
513	0	8	32	108.9 
514	0	8	33	105.4 
515	0	8	34	112.8 
516	0	8	35	109.8 
517	0	8	36	109.5 
518	0	8	37	112.8 
519	0	8	38	112.2 
520	0	8	39	119.4 
521	0	8	40	114.6 
522	0	8	41	127.4 
523	0	8	42	116.7 
524	0	8	43	107.5 
525	0	8	44	110.5 
526	0	8	45	107.9 
527	0	8	46	107.0 
528	0	8	47	115.9 
529	0	8	48	103.1 
530	0	8	49	 97.7 
531	0	8	50	 95.2 
532	0	8	51	 96.4 
533	0	8	52	110.3 
534	0	8	53	112.3 
535	0	8	54	115.4 
536	0	8	55	131.5 
537	0	8	56	132.0 
538	0	8	57	138.9 
539	0	8	58	139.0 
540	0	8	59	119.7 
541	0	9	0	120.0 
542	0	9	1	116.6 
543	0	9	2	120.2 
544	0	9	3	112.2 
545	0	9	4	114.9 
546	0	9	5	104.8 
547	0	9	6	 89.0 
548	0	9	7	 76.8 
549	0	9	8	 68.1 
550	0	9	9	 59.6 
551	0	9	10	 59.0 
552	0	9	11	 65.9 
553	0	9	12	 82.3 
554	0	9	13	 96.7 
555	0	9	14	101.1 
556	0	9	15	108.7 
557	0	9	16	104.7 
558	0	9	17	 93.0 
559	0	9	18	 91.5 
560	0	9	19	 81.6 
561	0	9	20	 79.4 
562	0	9	21	 88.0 
563	0	9	22	 96.7 
564	0	9	23	106.2 
565	0	9	24	103.2 
566	0	9	25	100.1 
567	0	9	26	 94.0 
568	0	9	27	 97.2 
569	0	9	28	 89.5 
570	0	9	29	 81.9 
571	0	9	30	 81.1 
572	0	9	31	 96.9 
573	0	9	32	 88.8 
574	0	9	33	 97.8 
575	0	9	34	107.0 
576	0	9	35	 95.2 
577	0	9	36	 94.3 
578	0	9	37	100.4 
579	0	9	38	 93.0 
580	0	9	39	107.4 
581	0	9	40	 94.0 
582	0	9	41	 95.8 
583	0	9	42	105.8 
584	0	9	43	111.1 
585	0	9	44	112.0 
586	0	9	45	120.4 
587	0	9	46	114.6 
588	0	9	47	123.9 
589	0	9	48	118.3 
590	0	9	49	120.0 
591	0	9	50	122.6 
592	0	9	51	122.4 
593	0	9	52	123.9 
594	0	9	53	126.2 
595	0	9	54	123.8 
596	0	9	55	115.9 
597	0	9	56	113.0 
598	0	9	57	124.2 
599	0	9	58	118.2 
600	0	9	59	130.7 
601	0	10	0	135.7 
602	0	10	1	140.3 
603	0	10	2	139.3 
604	0	10	3	124.0 
605	0	10	4	115.9 
606	0	10	5	106.1 
607	0	10	6	103.2 
608	0	10	7	104.0 
609	0	10	8	119.8 
610	0	10	9	120.7 
611	0	10	10	132.0 
612	0	10	11	138.6 
613	0	10	12	151.5 
614	0	10	13	177.6 
615	0	10	14	190.3 
616	0	10	15	192.6 
617	0	10	16	147.3 
618	0	10	17	114.1 
619	0	10	18	114.6 
620	0	10	19	 97.8 
621	0	10	20	105.3 
622	0	10	21	126.1 
623	0	10	22	148.6 
624	0	10	23	170.6 
625	0	10	24	179.6 
626	0	10	25	185.9 
627	0	10	26	193.1 
628	0	10	27	189.3 
629	0	10	28	185.9 
630	0	10	29	179.1 
631	0	10	30	183.0 
632	0	10	31	196.0 
633	0	10	32	204.9 
634	0	10	33	206.6 
635	0	10	34	201.1 
636	0	10	35	211.4 
637	0	10	36	206.0 
638	0	10	37	188.8 
639	0	10	38	191.5 
640	0	10	39	205.7 
641	0	10	40	186.8 
642	0	10	41	195.9 
643	0	10	42	221.0 
644	0	10	43	223.5 
645	0	10	44	216.5 
646	0	10	45	225.3 
647	0	10	46	231.3 
648	0	10	47	231.1 
649	0	10	48	236.2 
650	0	10	49	241.9 
651	0	10	50	236.2 
652	0	10	51	255.5 
653	0	10	52	234.4 
654	0	10	53	240.2 
655	0	10	54	251.8 
656	0	10	55	270.4 
657	0	10	56	252.4 
658	0	10	57	242.2 
659	0	10	58	225.3 
660	0	10	59	210.2 
661	0	11	0	181.0 
662	0	11	1	177.8 
663	0	11	2	169.1 
664	0	11	3	159.1 
665	0	11	4	163.0 
666	0	11	5	159.8 
667	0	11	6	164.3 
668	0	11	7	172.0 
669	0	11	8	191.7 
670	0	11	9	196.4 
671	0	11	10	200.2 
672	0	11	11	179.3 
673	0	11	12	194.2 
674	0	11	13	204.5 
675	0	11	14	169.8 
676	0	11	15	135.8 
677	0	11	16	124.3 
678	0	11	17	137.4 
679	0	11	18	153.8 
680	0	11	19	176.1 
681	0	11	20	176.3 
682	0	11	21	190.3 
683	0	11	22	197.2 
684	0	11	23	192.6 
685	0	11	24	192.5 
686	0	11	25	186.7 
687	0	11	26	214.2 
688	0	11	27	206.2 
689	0	11	28	211.2 
690	0	11	29	183.1 
691	0	11	30	174.5 
692	0	11	31	183.7 
693	0	11	32	188.5 
694	0	11	33	187.6 
695	0	11	34	202.8 
696	0	11	35	212.6 
697	0	11	36	219.9 
698	0	11	37	223.2 
699	0	11	38	214.6 
700	0	11	39	211.1 
701	0	11	40	195.2 
702	0	11	41	182.4 
703	0	11	42	188.5 
704	0	11	43	188.0 
705	0	11	44	198.7 
706	0	11	45	201.3 
707	0	11	46	203.3 
708	0	11	47	217.6 
709	0	11	48	203.0 
710	0	11	49	285.8 
711	0	11	50	257.7 
712	0	11	51	241.8 
713	0	11	52	196.5 
714	0	11	53	194.6 
715	0	11	54	188.1 
716	0	11	55	181.7 
717	0	11	56	164.9 
718	0	11	57	171.7 
719	0	11	58	180.0 
720	0	11	59	173.3 
721	0	12	0	163.9 
722	0	12	1	163.9 
723	0	12	2	164.2 
724	0	12	3	169.9 
725	0	12	4	179.8 
726	0	12	5	186.4 
727	0	12	6	192.7 
728	0	12	7	207.9 
729	0	12	8	210.8 
730	0	12	9	245.8 
731	0	12	10	221.4 
732	0	12	11	216.4 
733	0	12	12	157.2 
734	0	12	13	 90.0 
735	0	12	14	 62.5 
736	0	12	15	 52.7 
737	0	12	16	 48.7 
738	0	12	17	 44.9 
739	0	12	18	 54.2 
740	0	12	19	 75.1 
741	0	12	20	 98.3 
742	0	12	21	124.2 
743	0	12	22	148.9 
744	0	12	23	177.6 
745	0	12	24	171.4 
746	0	12	25	167.1 
747	0	12	26	174.9 
748	0	12	27	165.3 
749	0	12	28	157.2 
750	0	12	29	146.8 
751	0	12	30	135.0 
752	0	12	31	128.5 
753	0	12	32	121.7 
754	0	12	33	120.8 
755	0	12	34	121.0 
756	0	12	35	105.1 
757	0	12	36	102.8 
758	0	12	37	103.6 
759	0	12	38	100.6 
760	0	12	39	100.9 
761	0	12	40	122.5 
762	0	12	41	134.6 
763	0	12	42	135.9 
764	0	12	43	111.4 
765	0	12	44	 79.4 
766	0	12	45	 72.9 
767	0	12	46	 65.6 
768	0	12	47	 67.9 
769	0	12	48	101.8 
770	0	12	49	173.5 
771	0	12	50	157.7 
772	0	12	51	149.1 
773	0	12	52	163.0 
774	0	12	53	172.2 
775	0	12	54	178.9 
776	0	12	55	181.4 
777	0	12	56	173.2 
778	0	12	57	175.2 
779	0	12	58	180.6 
780	0	12	59	179.3 
781	0	13	0	195.2 
782	0	13	1	168.0 
783	0	13	2	152.8 
784	0	13	3	143.4 
785	0	13	4	128.2 
786	0	13	5	117.1 
787	0	13	6	121.5 
788	0	13	7	125.0 
789	0	13	8	112.9 
790	0	13	9	109.7 
791	0	13	10	121.3 
792	0	13	11	112.3 
793	0	13	12	112.2 
794	0	13	13	 98.6 
795	0	13	14	 94.7 
796	0	13	15	 68.2 
797	0	13	16	 72.2 
798	0	13	17	 87.0 
799	0	13	18	123.9 
800	0	13	19	160.8 
801	0	13	20	203.0 
802	0	13	21	214.4 
803	0	13	22	215.9 
804	0	13	23	213.3 
805	0	13	24	192.1 
806	0	13	25	183.7 
807	0	13	26	178.1 
808	0	13	27	168.3 
809	0	13	28	153.7 
810	0	13	29	141.8 
811	0	13	30	133.5 
812	0	13	31	118.7 
813	0	13	32	113.6 
814	0	13	33	113.6 
815	0	13	34	101.7 
816	0	13	35	105.1 
817	0	13	36	 92.9 
818	0	13	37	 85.9 
819	0	13	38	 90.6 
820	0	13	39	 87.6 
821	0	13	40	 92.7 
822	0	13	41	 86.2 
823	0	13	42	 77.0 
824	0	13	43	 61.8 
825	0	13	44	 48.6 
826	0	13	45	 38.2 
827	0	13	46	 33.4 
828	0	13	47	 29.8 
829	0	13	48	 17.5 
830	0	13	49	 30.1 
831	0	13	50	 96.1 
832	0	13	51	133.3 
833	0	13	52	186.7 
834	0	13	53	191.6 
835	0	13	54	157.7 
836	0	13	55	157.7 
837	0	13	56	177.2 
838	0	13	57	179.1 
839	0	13	58	187.6 
840	0	13	59	187.5 
841	0	14	0	182.2 
842	0	14	1	155.3 
843	0	14	2	145.4 
844	0	14	3	130.5 
845	0	14	4	123.0 
846	0	14	5	100.3 
847	0	14	6	 82.8 
848	0	14	7	 74.3 
849	0	14	8	 68.6 
850	0	14	9	 64.1 
851	0	14	10	 67.8 
852	0	14	11	 47.4 
853	0	14	12	 24.8 
854	0	14	13	 19.6 
855	0	14	14	 16.0 
856	0	14	15	 16.3 
857	0	14	16	 46.7 
858	0	14	17	 81.8 
859	0	14	18	169.0 
860	0	14	19	147.6 
861	0	14	20	117.9 
862	0	14	21	116.9 
863	0	14	22	106.2 
864	0	14	23	100.9 
865	0	14	24	 92.3 
866	0	14	25	 74.0 
867	0	14	26	 66.2 
868	0	14	27	 59.1 
869	0	14	28	 45.8 
870	0	14	29	 55.8 
871	0	14	30	 41.2 
872	0	14	31	 28.8 
873	0	14	32	 14.6 
874	0	14	33	 17.4 
875	0	14	34	 28.6 
876	0	14	35	 22.8 
877	0	14	36	 16.8 
878	0	14	37	 15.1 
879	0	14	38	 10.9 
880	0	14	39	  9.3 
881	0	14	40	 20.8 
882	0	14	41	 19.5 
883	0	14	42	 32.3 
884	0	14	43	 63.7 
885	0	14	44	101.0 
886	0	14	45	 80.4 
887	0	14	46	 72.0 
888	0	14	47	 75.6 
889	0	14	48	 90.3 
890	0	14	49	 88.8 
891	0	14	50	 94.5 
892	0	14	51	 97.7 
893	0	14	52	 88.1 
894	0	14	53	 71.2 
895	0	14	54	 61.1 
896	0	14	55	 51.0 
897	0	14	56	 30.4 
898	0	14	57	 21.1 
899	0	14	58	 29.1 
900	0	14	59	 18.1 
901	0	15	0	 16.1 
902	0	15	1	 13.1 
903	0	15	2	 24.9 
904	0	15	3	 36.3 
905	0	15	4	 58.8 
906	0	15	5	 73.6 
907	0	15	6	 86.0 
908	0	15	7	 83.4 
909	0	15	8	 79.9 
910	0	15	9	 77.8 
911	0	15	10	 79.6 
912	0	15	11	 94.7 
913	0	15	12	 88.4 
914	0	15	13	 98.2 
915	0	15	14	 91.1 
916	0	15	15	 89.8 
917	0	15	16	 76.7 
918	0	15	17	 75.4 
919	0	15	18	 56.6 
920	0	15	19	 61.2 
921	0	15	20	 53.5 
922	0	15	21	 49.4 
923	0	15	22	 44.9 
924	0	15	23	 42.2 
925	0	15	24	 39.8 
926	0	15	25	 43.8 
927	0	15	26	 45.5 
928	0	15	27	 37.0 
929	0	15	28	 47.8 
930	0	15	29	 48.4 
931	0	15	30	 40.1 
932	0	15	31	 60.9 
933	0	15	32	 55.9 
934	0	15	33	 64.0 
935	0	15	34	 64.1 
936	0	15	35	 56.2 
937	0	15	36	 41.4 
938	0	15	37	 40.6 
939	0	15	38	 32.9 
940	0	15	39	 33.2 
941	0	15	40	 34.9 
942	0	15	41	 42.5 
943	0	15	42	 41.3 
944	0	15	43	 44.0 
945	0	15	44	 43.7 
946	0	15	45	 37.9 
947	0	15	46	 36.5 
948	0	15	47	 33.0 
949	0	15	48	 27.0 
950	0	15	49	 32.8 
951	0	15	50	 36.8 
952	0	15	51	 47.6 
953	0	15	52	 43.8 
954	0	15	53	 50.5 
955	0	15	54	 60.5 
956	0	15	55	 75.4 
957	0	15	56	 86.8 
958	0	15	57	100.1 
959	0	15	58	115.3 
960	0	15	59	110.8 
961	0	16	0	111.8 
962	0	16	1	 99.7 
963	0	16	2	 86.8 
964	0	16	3	 93.6 
965	0	16	4	103.3 
966	0	16	5	101.2 
967	0	16	6	 99.8 
968	0	16	7	108.5 
969	0	16	8	104.0 
970	0	16	9	100.8 
971	0	16	10	111.4 
972	0	16	11	108.8 
973	0	16	12	105.1 
974	0	16	13	106.8 
975	0	16	14	 99.4 
976	0	16	15	105.9 
977	0	16	16	107.2 
978	0	16	17	111.6 
979	0	16	18	119.0 
980	0	16	19	118.5 
981	0	16	20	121.4 
982	0	16	21	111.8 
983	0	16	22	115.8 
984	0	16	23	121.0 
985	0	16	24	116.2 
986	0	16	25	107.1 
987	0	16	26	105.2 
988	0	16	27	105.7 
989	0	16	28	102.8 
990	0	16	29	105.8 
991	0	16	30	 99.5 
992	0	16	31	116.0 
993	0	16	32	110.9 
994	0	16	33	114.4 
995	0	16	34	116.8 
996	0	16	35	131.6 
997	0	16	36	134.0 
998	0	16	37	144.4 
999	0	16	38	145.8 
1000	0	16	39	128.2 
1001	0	16	40	121.5 
1002	0	16	41	105.5 
1003	0	16	42	 96.4 
1004	0	16	43	 98.7 
1005	0	16	44	 99.5 
1006	0	16	45	108.2 
1007	0	16	46	125.9 
1008	0	16	47	136.7 
1009	0	16	48	145.4 
1010	0	16	49	140.2 
1011	0	16	50	172.0 
1012	0	16	51	130.5 
1013	0	16	52	128.0 
1014	0	16	53	113.5 
1015	0	16	54	106.1 
1016	0	16	55	110.3 
1017	0	16	56	114.7 
1018	0	16	57	125.4 
1019	0	16	58	130.9 
1020	0	16	59	123.7 
1021	0	17	0	151.1 
1022	0	17	1	136.9 
1023	0	17	2	133.4 
1024	0	17	3	137.8 
1025	0	17	4	150.2 
1026	0	17	5	146.2 
1027	0	17	6	125.8 
1028	0	17	7	120.7 
1029	0	17	8	111.3 
1030	0	17	9	 64.4 
1031	0	17	10	 31.1 
1032	0	17	11	 38.0 
1033	0	17	12	 30.6 
1034	0	17	13	 31.9 
1035	0	17	14	 31.9 
1036	0	17	15	 39.0 
1037	0	17	16	 57.7 
1038	0	17	17	 68.8 
1039	0	17	18	 85.0 
1040	0	17	19	 90.1 
1041	0	17	20	 92.5 
1042	0	17	21	104.9 
1043	0	17	22	 77.8 
1044	0	17	23	 68.4 
1045	0	17	24	 61.6 
1046	0	17	25	 67.7 
1047	0	17	26	 72.4 
1048	0	17	27	 77.9 
1049	0	17	28	 84.9 
1050	0	17	29	 95.8 
1051	0	17	30	102.4 
1052	0	17	31	100.8 
1053	0	17	32	111.4 
1054	0	17	33	103.7 
1055	0	17	34	110.4 
1056	0	17	35	116.5 
1057	0	17	36	120.6 
1058	0	17	37	129.6 
1059	0	17	38	138.5 
1060	0	17	39	149.5 
1061	0	17	40	152.0 
1062	0	17	41	136.2 
1063	0	17	42	123.4 
1064	0	17	43	108.5 
1065	0	17	44	113.2 
1066	0	17	45	107.2 
1067	0	17	46	 99.9 
1068	0	17	47	108.8 
1069	0	17	48	117.6 
1070	0	17	49	120.7 
1071	0	17	50	122.8 
1072	0	17	51	146.1 
1073	0	17	52	162.2 
1074	0	17	53	171.7 
1075	0	17	54	167.4 
1076	0	17	55	156.5 
1077	0	17	56	149.9 
1078	0	17	57	137.7 
1079	0	17	58	128.5 
1080	0	17	59	119.8 
1081	0	18	0	125.5 
1082	0	18	1	133.7 
1083	0	18	2	145.4 
1084	0	18	3	166.2 
1085	0	18	4	171.2 
1086	0	18	5	184.1 
1087	0	18	6	201.1 
1088	0	18	7	201.9 
1089	0	18	8	194.9 
1090	0	18	9	177.4 
1091	0	18	10	170.4 
1092	0	18	11	158.8 
1093	0	18	12	135.2 
1094	0	18	13	125.1 
1095	0	18	14	129.7 
1096	0	18	15	136.4 
1097	0	18	16	150.1 
1098	0	18	17	155.9 
1099	0	18	18	157.2 
1100	0	18	19	161.8 
1101	0	18	20	167.7 
1102	0	18	21	164.4 
1103	0	18	22	160.9 
1104	0	18	23	142.0 
1105	0	18	24	141.4 
1106	0	18	25	126.4 
1107	0	18	26	104.8 
1108	0	18	27	100.2 
1109	0	18	28	 98.2 
1110	0	18	29	 97.0 
1111	0	18	30	104.9 
1112	0	18	31	125.8 
1113	0	18	32	134.5 
1114	0	18	33	138.8 
1115	0	18	34	145.8 
1116	0	18	35	136.4 
1117	0	18	36	125.3 
1118	0	18	37	122.7 
1119	0	18	38	114.0 
1120	0	18	39	 98.7 
1121	0	18	40	 88.4 
1122	0	18	41	 86.1 
1123	0	18	42	 96.6 
1124	0	18	43	 93.2 
1125	0	18	44	 96.1 
1126	0	18	45	101.2 
1127	0	18	46	121.8 
1128	0	18	47	140.2 
1129	0	18	48	137.7 
1130	0	18	49	130.3 
1131	0	18	50	119.7 
1132	0	18	51	112.0 
1133	0	18	52	105.1 
1134	0	18	53	104.0 
1135	0	18	54	 96.0 
1136	0	18	55	109.2 
1137	0	18	56	143.3 
1138	0	18	57	165.0 
1139	0	18	58	179.7 
1140	0	18	59	187.2 
1141	0	19	0	186.7 
1142	0	19	1	184.6 
1143	0	19	2	173.7 
1144	0	19	3	159.8 
1145	0	19	4	142.8 
1146	0	19	5	140.5 
1147	0	19	6	114.9 
1148	0	19	7	104.1 
1149	0	19	8	101.5 
1150	0	19	9	112.2 
1151	0	19	10	147.4 
1152	0	19	11	160.5 
1153	0	19	12	165.3 
1154	0	19	13	169.7 
1155	0	19	14	171.8 
1156	0	19	15	169.2 
1157	0	19	16	172.2 
1158	0	19	17	169.1 
1159	0	19	18	143.5 
1160	0	19	19	122.7 
1161	0	19	20	107.7 
1162	0	19	21	104.1 
1163	0	19	22	137.2 
1164	0	19	23	149.6 
1165	0	19	24	126.0 
1166	0	19	25	128.5 
1167	0	19	26	127.0 
1168	0	19	27	128.4 
1169	0	19	28	125.7 
1170	0	19	29	119.0 
1171	0	19	30	132.1 
1172	0	19	31	131.0 
1173	0	19	32	141.4 
1174	0	19	33	147.1 
1175	0	19	34	122.2 
1176	0	19	35	101.6 
1177	0	19	36	 92.4 
1178	0	19	37	127.9 
1179	0	19	38	214.0 
1180	0	19	39	106.8 
1181	0	19	40	101.2 
1182	0	19	41	105.5 
1183	0	19	42	117.3 
1184	0	19	43	175.1 
1185	0	19	44	204.5 
1186	0	19	45	267.5 
1187	0	19	46	294.4 
1188	0	19	47	283.4 
1189	0	19	48	263.2 
1190	0	19	49	232.8 
1191	0	19	50	203.0 
1192	0	19	51	154.5 
1193	0	19	52	125.0 
1194	0	19	53	106.0 
1195	0	19	54	 93.5 
1196	0	19	55	 67.5 
1197	0	19	56	111.8 
1198	0	19	57	 86.7 
1199	0	19	58	 99.5 
1200	0	19	59	104.6 
1201	0	20	0	116.4 
1202	0	20	1	122.4 
1203	0	20	2	162.9 
1204	0	20	3	204.7 
1205	0	20	4	186.3 
1206	0	20	5	154.0 
1207	0	20	6	143.1 
1208	0	20	7	116.5 
1209	0	20	8	 93.8 
1210	0	20	9	 83.9 
1211	0	20	10	 69.6 
1212	0	20	11	 63.2 
1213	0	20	12	 64.5 
1214	0	20	13	 52.8 
1215	0	20	14	 64.4 
1216	0	20	15	 36.2 
1217	0	20	16	 30.3 
1218	0	20	17	 41.3 
1219	0	20	18	185.8 
1220	0	20	19	183.5 
1221	0	20	20	238.4 
1222	0	20	21	265.4 
1223	0	20	22	233.0 
1224	0	20	23	181.2 
1225	0	20	24	163.1 
1226	0	20	25	102.8 
1227	0	20	26	 67.8 
1228	0	20	27	101.1 
1229	0	20	28	 47.0 
1230	0	20	29	 34.2 
1231	0	20	30	 30.6 
1232	0	20	31	130.2 
1233	0	20	32	177.6 
1234	0	20	33	251.1 
1235	0	20	34	211.0 
1236	0	20	35	158.3 
1237	0	20	36	120.9 
1238	0	20	37	119.0 
1239	0	20	38	112.4 
1240	0	20	39	108.7 
1241	0	20	40	 79.8 
1242	0	20	41	 68.9 
1243	0	20	42	 54.8 
1244	0	20	43	100.7 
1245	0	20	44	155.7 
1246	0	20	45	253.5 
1247	0	20	46	244.0 
1248	0	20	47	204.7 
1249	0	20	48	170.5 
1250	0	20	49	182.4 
1251	0	20	50	195.0 
1252	0	20	51	148.4 
1253	0	20	52	115.8 
1254	0	20	53	115.5 
1255	0	20	54	111.9 
1256	0	20	55	111.7 
1257	0	20	56	134.1 
1258	0	20	57	203.3 
1259	0	20	58	238.5 
1260	0	20	59	223.6 
1261	0	21	0	186.4 
1262	0	21	1	142.4 
1263	0	21	2	105.2 
1264	0	21	3	111.2 
1265	0	21	4	 97.8 
1266	0	21	5	 69.8 
1267	0	21	6	 56.4 
1268	0	21	7	 75.5 
1269	0	21	8	143.8 
1270	0	21	9	221.5 
1271	0	21	10	255.0 
1272	0	21	11	268.7 
1273	0	21	12	215.1 
1274	0	21	13	146.9 
1275	0	21	14	120.2 
1276	0	21	15	120.5 
1277	0	21	16	 97.2 
1278	0	21	17	 73.0 
1279	0	21	18	 39.9 
1280	0	21	19	 29.0 
1281	0	21	20	 55.1 
1282	0	21	21	118.8 
1283	0	21	22	205.4 
1284	0	21	23	218.8 
1285	0	21	24	153.1 
1286	0	21	25	130.1 
1287	0	21	26	 90.5 
1288	0	21	27	 51.2 
1289	0	21	28	 40.3 
1290	0	21	29	 39.1 
1291	0	21	30	 56.1 
1292	0	21	31	178.6 
1293	0	21	32	186.7 
1294	0	21	33	147.5 
1295	0	21	34	117.4 
1296	0	21	35	121.9 
1297	0	21	36	118.9 
1298	0	21	37	114.2 
1299	0	21	38	 98.3 
1300	0	21	39	 88.8 
1301	0	21	40	 83.6 
1302	0	21	41	 73.7 
1303	0	21	42	 71.8 
1304	0	21	43	 66.1 
1305	0	21	44	 62.8 
1306	0	21	45	 68.0 
1307	0	21	46	 64.9 
1308	0	21	47	 69.0 
1309	0	21	48	 75.0 
1310	0	21	49	 68.1 
1311	0	21	50	 64.2 
1312	0	21	51	 59.3 
1313	0	21	52	 53.7 
1314	0	21	53	 48.6 
1315	0	21	54	 39.5 
1316	0	21	55	 36.0 
1317	0	21	56	 29.8 
1318	0	21	57	 32.7 
1319	0	21	58	 41.7 
1320	0	21	59	 52.7 
1321	0	22	0	 86.1 
1322	0	22	1	 84.9 
1323	0	22	2	114.9 
1324	0	22	3	124.5 
1325	0	22	4	166.0 
1326	0	22	5	 89.2 
1327	0	22	6	 73.2 
1328	0	22	7	 81.3 
1329	0	22	8	120.9 
1330	0	22	9	 74.6 
1331	0	22	10	 71.0 
1332	0	22	11	 66.1 
1333	0	22	12	 66.7 
1334	0	22	13	 63.2 
1335	0	22	14	 59.4 
1336	0	22	15	 57.0 
1337	0	22	16	 62.7 
1338	0	22	17	 53.7 
1339	0	22	18	 56.3 
1340	0	22	19	 58.3 
1341	0	22	20	 57.5 
1342	0	22	21	 62.9 
1343	0	22	22	 60.6 
1344	0	22	23	 64.2 
1345	0	22	24	 74.8 
1346	0	22	25	 76.5 
1347	0	22	26	 85.8 
1348	0	22	27	 85.7 
1349	0	22	28	 87.3 
1350	0	22	29	 86.5 
1351	0	22	30	 89.3 
1352	0	22	31	 95.3 
1353	0	22	32	102.2 
1354	0	22	33	 95.1 
1355	0	22	34	 95.3 
1356	0	22	35	 99.3 
1357	0	22	36	 92.9 
1358	0	22	37	 77.2 
1359	0	22	38	 80.2 
1360	0	22	39	 83.1 
1361	0	22	40	 85.0 
1362	0	22	41	 91.4 
1363	0	22	42	 89.2 
1364	0	22	43	 76.7 
1365	0	22	44	179.4 
1366	0	22	45	107.2 
1367	0	22	46	 92.9 
1368	0	22	47	 90.7 
1369	0	22	48	 94.2 
1370	0	22	49	103.6 
1371	0	22	50	 99.8 
1372	0	22	51	 98.5 
1373	0	22	52	 87.2 
1374	0	22	53	103.9 
1375	0	22	54	110.9 
1376	0	22	55	 93.6 
1377	0	22	56	129.0 
1378	0	22	57	128.2 
1379	0	22	58	141.0 
1380	0	22	59	137.0 
1381	0	23	0	 96.9 
1382	0	23	1	 94.8 
1383	0	23	2	 86.1 
1384	0	23	3	 99.3 
1385	0	23	4	125.6 
1386	0	23	5	151.7 
1387	0	23	6	148.8 
1388	0	23	7	160.1 
1389	0	23	8	124.3 
1390	0	23	9	121.9 
1391	0	23	10	106.8 
1392	0	23	11	102.1 
1393	0	23	12	 92.9 
1394	0	23	13	 96.8 
1395	0	23	14	109.5 
1396	0	23	15	104.8 
1397	0	23	16	103.5 
1398	0	23	17	 82.1 
1399	0	23	18	 94.0 
1400	0	23	19	236.7 
1401	0	23	20	181.2 
1402	0	23	21	192.8 
1403	0	23	22	135.8 
1404	0	23	23	106.5 
1405	0	23	24	 90.6 
1406	0	23	25	 85.0 
1407	0	23	26	 71.9 
1408	0	23	27	 60.1 
1409	0	23	28	 53.2 
1410	0	23	29	 43.6 
1411	0	23	30	 52.4 
1412	0	23	31	 67.0 
1413	0	23	32	 65.8 
1414	0	23	33	 73.4 
1415	0	23	34	 63.7 
1416	0	23	35	 72.4 
1417	0	23	36	 98.4 
1418	0	23	37	111.2 
1419	0	23	38	111.8 
1420	0	23	39	 78.3 
1421	0	23	40	 73.0 
1422	0	23	41	 55.9 
1423	0	23	42	 51.8 
1424	0	23	43	 51.4 
1425	0	23	44	 39.1 
1426	0	23	45	 61.9 
1427	0	23	46	 87.3 
1428	0	23	47	 95.8 
1429	0	23	48	116.5 
1430	0	23	49	126.9 
1431	0	23	50	190.4 
1432	0	23	51	234.0 
1433	0	23	52	212.4 
1434	0	23	53	138.4 
1435	0	23	54	106.3 
1436	0	23	55	147.8 
1437	0	23	56	 70.2 
1438	0	23	57	 81.1 
1439	0	23	58	 64.5 
1440	0	23	59	 31.2 
1441	0	24	0	 28.1 
1442	0	24	1	 67.1 
1443	0	24	2	 92.4 
1444	0	24	3	126.5 
1445	0	24	4	250.4 
1446	0	24	5	238.3 
1447	0	24	6	171.5 
1448	0	24	7	141.4 
1449	0	24	8	 77.6 
1450	0	24	9	115.9 
1451	0	24	10	114.0 
1452	0	24	11	 57.7 
1453	0	24	12	 66.8 
1454	0	24	13	 42.5 
1455	0	24	14	 23.7 
1456	0	24	15	 27.0 
1457	0	24	16	 34.3 
1458	0	24	17	 80.5 
1459	0	24	18	113.2 
1460	0	24	19	195.0 
1461	0	24	20	262.3 
1462	0	24	21	195.1 
1463	0	24	22	172.1 
1464	0	24	23	 99.4 
1465	0	24	24	128.9 
1466	0	24	25	 91.3 
1467	0	24	26	 77.1 
1468	0	24	27	 61.5 
1469	0	24	28	 59.0 
1470	0	24	29	 54.3 
1471	0	24	30	 53.2 
1472	0	24	31	100.6 
1473	0	24	32	116.7 
1474	0	24	33	140.3 
1475	0	24	34	221.5 
1476	0	24	35	256.2 
1477	0	24	36	185.1 
1478	0	24	37	138.0 
1479	0	24	38	235.3 
1480	0	24	39	162.4 
1481	0	24	40	153.5 
1482	0	24	41	138.3 
1483	0	24	42	 89.3 
1484	0	24	43	 54.4 
1485	0	24	44	 40.2 
1486	0	24	45	 38.7 
1487	0	24	46	 45.8 
1488	0	24	47	 79.9 
1489	0	24	48	164.6 
1490	0	24	49	248.3 
1491	0	24	50	254.5 
1492	0	24	51	152.2 
1493	0	24	52	166.8 
1494	0	24	53	129.8 
1495	0	24	54	 82.1 
1496	0	24	55	 32.8 
1497	0	24	56	 57.0 
1498	0	24	57	 47.9 
1499	0	24	58	 36.7 
1500	0	24	59	101.1 
1501	0	25	0	245.6 
1502	0	25	1	265.4 
1503	0	25	2	310.4 
1504	0	25	3	142.8 
1505	0	25	4	113.2 
1506	0	25	5	 93.6 
1507	0	25	6	 55.3 
1508	0	25	7	 38.4 
1509	0	25	8	 31.0 
1510	0	25	9	 29.8 
1511	0	25	10	 31.6 
1512	0	25	11	 43.5 
1513	0	25	12	 69.4 
1514	0	25	13	 99.4 
1515	0	25	14	305.3 
1516	0	25	15	283.5 
1517	0	25	16	125.3 
1518	0	25	17	155.7 
1519	0	25	18	123.8 
1520	0	25	19	104.9 
1521	0	25	20	134.4 
1522	0	25	21	128.9 
1523	0	25	22	186.1 
1524	0	25	23	156.7 
1525	0	25	24	287.5 
1526	0	25	25	392.5 
1527	0	25	26	127.0 
1528	0	25	27	 89.1 
1529	0	25	28	 90.0 
1530	0	25	29	 48.6 
1531	0	25	30	 41.4 
1532	0	25	31	 42.4 
1533	0	25	32	 49.6 
1534	0	25	33	 52.8 
1535	0	25	34	 87.7 
1536	0	25	35	 82.9 
1537	0	25	36	149.0 
1538	0	25	37	164.1 
1539	0	25	38	139.1 
1540	0	25	39	185.7 
1541	0	25	40	302.3 
1542	0	25	41	158.3 
1543	0	25	42	105.3 
1544	0	25	43	 81.2 
1545	0	25	44	 64.5 
1546	0	25	45	 54.0 
1547	0	25	46	 74.2 
1548	0	25	47	103.3 
1549	0	25	48	153.4 
1550	0	25	49	339.3 
1551	0	25	50	319.3 
1552	0	25	51	146.7 
1553	0	25	52	128.3 
1554	0	25	53	102.0 
1555	0	25	54	 70.5 
1556	0	25	55	102.2 
1557	0	25	56	 75.8 
1558	0	25	57	 64.1 
1559	0	25	58	 91.0 
1560	0	25	59	126.9 
1561	0	26	0	202.9 
1562	0	26	1	347.0 
1563	0	26	2	157.6 
1564	0	26	3	113.6 
1565	0	26	4	 75.7 
1566	0	26	5	 53.7 
1567	0	26	6	 43.9 
1568	0	26	7	 67.5 
1569	0	26	8	235.6 
1570	0	26	9	355.1 
1571	0	26	10	276.8 
1572	0	26	11	150.9 
1573	0	26	12	130.8 
1574	0	26	13	 96.2 
1575	0	26	14	 79.1 
1576	0	26	15	 83.8 
1577	0	26	16	157.1 
1578	0	26	17	235.3 
1579	0	26	18	163.8 
1580	0	26	19	254.7 
1581	0	26	20	184.6 
1582	0	26	21	 99.6 
1583	0	26	22	162.9 
1584	0	26	23	137.0 
1585	0	26	24	 91.1 
1586	0	26	25	 91.9 
1587	0	26	26	 79.0 
1588	0	26	27	166.7 
1589	0	26	28	255.2 
1590	0	26	29	287.5 
1591	0	26	30	233.2 
1592	0	26	31	178.2 
1593	0	26	32	174.2 
1594	0	26	33	161.9 
1595	0	26	34	192.9 
1596	0	26	35	149.5 
1597	0	26	36	104.1 
1598	0	26	37	187.9 
1599	0	26	38	187.8 
1600	0	26	39	 70.6 
1601	0	26	40	 65.3 
1602	0	26	41	 58.0 
1603	0	26	42	 60.7 
1604	0	26	43	 61.4 
1605	0	26	44	 99.5 
1606	0	26	45	 99.4 
1607	0	26	46	 82.7 
1608	0	26	47	 83.8 
1609	0	26	48	163.4 
1610	0	26	49	172.3 
1611	0	26	50	258.0 
1612	0	26	51	214.0 
1613	0	26	52	203.5 
1614	0	26	53	204.2 
1615	0	26	54	194.7 
1616	0	26	55	280.3 
1617	0	26	56	243.1 
1618	0	26	57	197.8 
1619	0	26	58	199.1 
1620	0	26	59	143.9 
1621	0	27	0	 61.7 
1622	0	27	1	 70.5 
1623	0	27	2	 92.1 
1624	0	27	3	 64.3 
1625	0	27	4	 83.1 
1626	0	27	5	151.4 
1627	0	27	6	146.2 
1628	0	27	7	265.1 
1629	0	27	8	273.9 
1630	0	27	9	269.1 
1631	0	27	10	234.3 
1632	0	27	11	230.8 
1633	0	27	12	205.2 
1634	0	27	13	154.3 
1635	0	27	14	157.7 
1636	0	27	15	125.7 
1637	0	27	16	199.2 
1638	0	27	17	237.7 
1639	0	27	18	234.8 
1640	0	27	19	157.0 
1641	0	27	20	136.4 
1642	0	27	21	126.0 
1643	0	27	22	111.8 
1644	0	27	23	 94.6 
1645	0	27	24	 87.9 
1646	0	27	25	 96.4 
1647	0	27	26	117.7 
1648	0	27	27	144.9 
1649	0	27	28	110.9 
1650	0	27	29	123.1 
1651	0	27	30	122.2 
1652	0	27	31	112.9 
1653	0	27	32	 96.3 
1654	0	27	33	102.7 
1655	0	27	34	104.4 
1656	0	27	35	153.0 
1657	0	27	36	117.8 
1658	0	27	37	 98.8 
1659	0	27	38	 94.4 
1660	0	27	39	 91.8 
1661	0	27	40	 86.9 
1662	0	27	41	 90.7 
1663	0	27	42	100.4 
1664	0	27	43	 97.3 
1665	0	27	44	 95.6 
1666	0	27	45	 85.2 
1667	0	27	46	 95.3 
1668	0	27	47	 89.6 
1669	0	27	48	 99.7 
1670	0	27	49	 91.7 
1671	0	27	50	 78.3 
1672	0	27	51	 74.8 
1673	0	27	52	116.2 
1674	0	27	53	127.2 
1675	0	27	54	138.1 
1676	0	27	55	192.3 
1677	0	27	56	 95.7 
1678	0	27	57	 78.6 
1679	0	27	58	 94.3 
1680	0	27	59	104.3 
1681	0	28	0	 99.6 
1682	0	28	1	 48.7 
1683	0	28	2	 39.6 
1684	0	28	3	 54.8 
1685	0	28	4	128.0 
1686	0	28	5	 95.4 
1687	0	28	6	 87.8 
1688	0	28	7	 76.8 
1689	0	28	8	149.3 
1690	0	28	9	 84.1 
1691	0	28	10	 68.3 
1692	0	28	11	 77.6 
1693	0	28	12	 88.6 
1694	0	28	13	105.2 
1695	0	28	14	 87.8 
1696	0	28	15	 65.8 
1697	0	28	16	 57.1 
1698	0	28	17	 51.3 
1699	0	28	18	 58.4 
1700	0	28	19	 56.6 
1701	0	28	20	 66.2 
1702	0	28	21	118.8 
1703	0	28	22	177.4 
1704	0	28	23	122.3 
1705	0	28	24	101.4 
1706	0	28	25	 72.5 
1707	0	28	26	 63.3 
1708	0	28	27	 62.5 
1709	0	28	28	 71.6 
1710	0	28	29	105.1 
1711	0	28	30	216.2 
1712	0	28	31	135.2 
1713	0	28	32	126.6 
1714	0	28	33	 87.2 
1715	0	28	34	 83.6 
1716	0	28	35	 72.9 
1717	0	28	36	 71.1 
1718	0	28	37	 61.7 
1719	0	28	38	 63.6 
1720	0	28	39	173.3 
1721	0	28	40	228.1 
1722	0	28	41	260.4 
1723	0	28	42	175.8 
1724	0	28	43	171.6 
1725	0	28	44	161.2 
1726	0	28	45	123.0 
1727	0	28	46	100.0 
1728	0	28	47	 88.8 
1729	0	28	48	 63.7 
1730	0	28	49	 64.1 
1731	0	28	50	 86.1 
1732	0	28	51	 91.0 
1733	0	28	52	 82.4 
1734	0	28	53	 60.9 
1735	0	28	54	 58.6 
1736	0	28	55	 43.6 
1737	0	28	56	 45.8 
1738	0	28	57	 37.8 
1739	0	28	58	 58.1 
1740	0	28	59	 43.4 
1741	0	29	0	 48.0 
1742	0	29	1	 81.2 
1743	0	29	2	 94.4 
1744	0	29	3	 84.5 
1745	0	29	4	104.2 
1746	0	29	5	 99.3 
1747	0	29	6	140.8 
1748	0	29	7	 74.6 
1749	0	29	8	 50.1 
1750	0	29	9	 50.4 
1751	0	29	10	 48.1 
1752	0	29	11	 48.3 
1753	0	29	12	 57.5 
1754	0	29	13	 75.8 
1755	0	29	14	111.4 
1756	0	29	15	159.5 
1757	0	29	16	178.8 
1758	0	29	17	120.6 
1759	0	29	18	106.0 
1760	0	29	19	 99.8 
1761	0	29	20	 83.1 
1762	0	29	21	 69.5 
1763	0	29	22	 59.5 
1764	0	29	23	 62.4 
1765	0	29	24	 73.4 
1766	0	29	25	 96.1 
1767	0	29	26	118.9 
1768	0	29	27	151.9 
1769	0	29	28	143.8 
1770	0	29	29	118.3 
1771	0	29	30	112.6 
1772	0	29	31	 82.1 
1773	0	29	32	 66.5 
1774	0	29	33	 47.9 
1775	0	29	34	 48.8 
1776	0	29	35	 66.9 
1777	0	29	36	 67.2 
1778	0	29	37	 64.2 
1779	0	29	38	108.2 
1780	0	29	39	196.0 
1781	0	29	40	186.9 
1782	0	29	41	193.7 
1783	0	29	42	411.9 
1784	0	29	43	610.8 
1785	0	29	44	335.5 
1786	0	29	45	173.7 
1787	0	29	46	143.4 
1788	0	29	47	124.0 
1789	0	29	48	121.7 
1790	0	29	49	105.8 
1791	0	29	50	148.3 
1792	0	29	51	151.3 
1793	0	29	52	439.0 
1794	0	29	53	566.3 
1795	0	29	54	400.9 
1796	0	29	55	246.2 
1797	0	29	56	135.3 
1798	0	29	57	 89.8 
1799	0	29	58	211.9 
1800	0	29	59	114.4 
1801	0	30	0	163.0 
1802	0	30	1	140.9 
1803	0	30	2	472.4 
1804	0	30	3	452.3 
1805	0	30	4	204.5 
1806	0	30	5	193.1 
1807	0	30	6	145.5 
1808	0	30	7	227.7 
1809	0	30	8	129.9 
1810	0	30	9	132.2 
1811	0	30	10	109.5 
1812	0	30	11	268.8 
1813	0	30	12	419.4 
1814	0	30	13	202.4 
1815	0	30	14	163.7 
1816	0	30	15	 97.4 
1817	0	30	16	 98.8 
1818	0	30	17	114.7 
1819	0	30	18	 73.1 
1820	0	30	19	152.5 
1821	0	30	20	 90.2 
1822	0	30	21	 66.4 
1823	0	30	22	140.4 
1824	0	30	23	102.8 
1825	0	30	24	 78.0 
1826	0	30	25	162.3 
1827	0	30	26	 87.5 
1828	0	30	27	 73.2 
1829	0	30	28	210.3 
1830	0	30	29	160.9 
1831	0	30	30	169.1 
1832	0	30	31	116.4 
1833	0	30	32	109.7 
1834	0	30	33	204.0 
1835	0	30	34	116.6 
1836	0	30	35	106.5 
1837	0	30	36	157.3 
1838	0	30	37	107.7 
1839	0	30	38	184.6 
1840	0	30	39	122.2 
1841	0	30	40	111.5 
1842	0	30	41	149.8 
1843	0	30	42	131.5 
1844	0	30	43	105.4 
1845	0	30	44	217.4 
1846	0	30	45	109.1 
1847	0	30	46	117.1 
1848	0	30	47	 96.4 
1849	0	30	48	 75.8 
1850	0	30	49	 76.3 
1851	0	30	50	 80.6 
1852	0	30	51	116.1 
1853	0	30	52	203.4 
1854	0	30	53	104.1 
1855	0	30	54	 85.7 
1856	0	30	55	 74.3 
1857	0	30	56	 66.0 
1858	0	30	57	 70.9 
1859	0	30	58	 76.3 
1860	0	30	59	 60.6 
1861	0	31	0	 69.2 
1862	0	31	1	 79.1 
1863	0	31	2	 85.4 
1864	0	31	3	 96.3 
1865	0	31	4	 94.1 
1866	0	31	5	102.0 
1867	0	31	6	 90.8 
1868	0	31	7	 75.8 
1869	0	31	8	 58.2 
1870	0	31	9	 52.8 
1871	0	31	10	 61.2 
1872	0	31	11	101.9 
1873	0	31	12	 87.1 
1874	0	31	13	 83.2 
1875	0	31	14	 79.3 
1876	0	31	15	 78.4 
1877	0	31	16	 82.4 
1878	0	31	17	102.6 
1879	0	31	18	 93.3 
1880	0	31	19	 83.2 
1881	0	31	20	 66.2 
1882	0	31	21	 64.4 
1883	0	31	22	 61.5 
1884	0	31	23	 71.5 
1885	0	31	24	 75.8 
1886	0	31	25	 83.1 
1887	0	31	26	 78.9 
1888	0	31	27	 74.0 
1889	0	31	28	 70.4 
1890	0	31	29	 61.8 
1891	0	31	30	 56.0 
1892	0	31	31	 50.3 
1893	0	31	32	 59.9 
1894	0	31	33	 67.9 
1895	0	31	34	 71.2 
1896	0	31	35	 76.0 
1897	0	31	36	 83.1 
1898	0	31	37	 87.8 
1899	0	31	38	 88.4 
1900	0	31	39	 98.7 
1901	0	31	40	 98.7 
1902	0	31	41	 98.2 
1903	0	31	42	108.5 
1904	0	31	43	 99.3 
1905	0	31	44	 89.9 
1906	0	31	45	 85.9 
1907	0	31	46	 83.8 
1908	0	31	47	 83.4 
1909	0	31	48	 95.4 
1910	0	31	49	101.7 
1911	0	31	50	 99.7 
1912	0	31	51	101.2 
1913	0	31	52	109.2 
1914	0	31	53	102.8 
1915	0	31	54	126.6 
1916	0	31	55	101.5 
1917	0	31	56	 97.1 
1918	0	31	57	 91.0 
1919	0	31	58	101.2 
1920	0	31	59	106.2 
1921	0	32	0	 95.3 
1922	0	32	1	106.3 
1923	0	32	2	123.5 
1924	0	32	3	147.6 
1925	0	32	4	137.3 
1926	0	32	5	125.9 
1927	0	32	6	136.1 
1928	0	32	7	130.8 
1929	0	32	8	140.5 
1930	0	32	9	137.7 
1931	0	32	10	130.9 
1932	0	32	11	126.1 
1933	0	32	12	130.2 
1934	0	32	13	161.9 
1935	0	32	14	160.2 
1936	0	32	15	148.6 
1937	0	32	16	170.5 
1938	0	32	17	190.1 
1939	0	32	18	167.3 
1940	0	32	19	170.2 
1941	0	32	20	165.2 
1942	0	32	21	168.8 
1943	0	32	22	151.2 
1944	0	32	23	151.9 
1945	0	32	24	133.9 
1946	0	32	25	128.8 
1947	0	32	26	143.2 
1948	0	32	27	130.5 
1949	0	32	28	132.8 
1950	0	32	29	145.5 
1951	0	32	30	166.8 
1952	0	32	31	168.7 
1953	0	32	32	153.9 
1954	0	32	33	155.8 
1955	0	32	34	150.3 
1956	0	32	35	143.1 
1957	0	32	36	148.5 
1958	0	32	37	152.8 
1959	0	32	38	160.0 
1960	0	32	39	168.9 
1961	0	32	40	176.6 
1962	0	32	41	165.0 
1963	0	32	42	153.8 
1964	0	32	43	148.1 
1965	0	32	44	139.4 
1966	0	32	45	132.5 
1967	0	32	46	129.6 
1968	0	32	47	137.0 
1969	0	32	48	141.0 
1970	0	32	49	153.6 
1971	0	32	50	153.9 
1972	0	32	51	162.0 
1973	0	32	52	148.2 
1974	0	32	53	148.8 
1975	0	32	54	156.6 
1976	0	32	55	144.1 
1977	0	32	56	134.1 
1978	0	32	57	121.4 
1979	0	32	58	114.0 
1980	0	32	59	122.7 
1981	0	33	0	137.0 
1982	0	33	1	124.2 
1983	0	33	2	138.1 
1984	0	33	3	146.0 
1985	0	33	4	146.9 
1986	0	33	5	146.6 
1987	0	33	6	157.0 
1988	0	33	7	160.7 
1989	0	33	8	145.2 
1990	0	33	9	148.2 
1991	0	33	10	132.1 
1992	0	33	11	135.7 
1993	0	33	12	146.4 
1994	0	33	13	144.2 
1995	0	33	14	158.3 
1996	0	33	15	178.0 
1997	0	33	16	180.5 
1998	0	33	17	179.5 
1999	0	33	18	158.9 
2000	0	33	19	165.0 
2001	0	33	20	157.1 
2002	0	33	21	168.4 
2003	0	33	22	146.2 
2004	0	33	23	150.3 
2005	0	33	24	152.3 
2006	0	33	25	173.8 
2007	0	33	26	210.6 
2008	0	33	27	199.3 
2009	0	33	28	187.2 
2010	0	33	29	183.2 
2011	0	33	30	167.7 
2012	0	33	31	157.5 
2013	0	33	32	148.8 
2014	0	33	33	147.1 
2015	0	33	34	142.9 
2016	0	33	35	144.4 
2017	0	33	36	155.4 
2018	0	33	37	164.4 
2019	0	33	38	164.4 
2020	0	33	39	162.9 
2021	0	33	40	157.7 
2022	0	33	41	161.3 
2023	0	33	42	153.2 
2024	0	33	43	138.4 
2025	0	33	44	132.3 
2026	0	33	45	137.7 
2027	0	33	46	131.8 
2028	0	33	47	145.7 
2029	0	33	48	127.4 
2030	0	33	49	135.3 
2031	0	33	50	122.0 
2032	0	33	51	126.3 
2033	0	33	52	143.5 
2034	0	33	53	139.2 
2035	0	33	54	169.1 
2036	0	33	55	160.0 
2037	0	33	56	143.5 
2038	0	33	57	144.1 
2039	0	33	58	228.6 
2040	0	33	59	229.6 
2041	0	34	0	150.2 
2042	0	34	1	139.2 
2043	0	34	2	129.7 
2044	0	34	3	232.1 
2045	0	34	4	200.5 
2046	0	34	5	263.1 
2047	0	34	6	130.2 
2048	0	34	7	106.2 
2049	0	34	8	 93.8 
2050	0	34	9	 63.2 
2051	0	34	10	 83.4 
2052	0	34	11	 86.0 
2053	0	34	12	 72.4 
2054	0	34	13	 68.3 
2055	0	34	14	 79.0 
