              DRT4 Data File V2.0
============================================================

1) Subject Information
Subject Name: 
Subject No: 
Date of Birth: 
Subject Address: 
Operator:  
Date: 17:34:16 (8/10/2025)
DRT4 Serial Number: #3173
Comment: 

2) Monitor Schedule
Indefinite monitoring until stopped by user
3) Display Configuration
Total Graph Number: 1 
Active Graph Number: 1 
Sampling Rate:   1/sec 
Time Constant: off 
Time Offset: 0.5 sec 
Time Offset: 0 sec 
Total Mark Number: 0 
Active Mark Number: 1 
No: 	Hour	Min	Sec	Label	Comment	Current	Heater1	Heater2



4) Trace Data
No: 	Hour 	Min 	Sec 	F1 	F2 
1	0	0	0	 17.6	  0.0 
2	0	0	1	 23.9	  0.0 
3	0	0	2	 24.6	  0.0 
4	0	0	3	 17.1	  0.0 
5	0	0	4	 16.3	  0.0 
6	0	0	5	 12.9	  0.0 
7	0	0	6	 15.9	  0.0 
8	0	0	7	 18.6	  0.0 
9	0	0	8	 13.4	  0.0 
10	0	0	9	 12.8	  0.0 
11	0	0	10	 14.7	  0.0 
12	0	0	11	 20.9	  0.0 
13	0	0	12	 15.0	  0.0 
14	0	0	13	 17.0	  0.0 
15	0	0	14	 17.0	  0.0 
16	0	0	15	 11.0	  0.0 
17	0	0	16	 12.2	  0.0 
18	0	0	17	 14.6	  0.0 
19	0	0	18	 17.1	  0.0 
20	0	0	19	 17.0	  0.0 
21	0	0	20	 22.2	  0.0 
22	0	0	21	 23.8	  0.0 
23	0	0	22	 20.5	  0.0 
24	0	0	23	 20.5	  0.0 
25	0	0	24	 23.1	  0.0 
26	0	0	25	 23.5	  0.0 
27	0	0	26	 23.9	  0.0 
28	0	0	27	 26.6	  0.0 
29	0	0	28	 22.6	  0.0 
30	0	0	29	 20.8	  0.0 
31	0	0	30	 16.5	  0.0 
32	0	0	31	 22.1	  0.0 
33	0	0	32	 19.5	  0.0 
34	0	0	33	 21.6	  0.0 
35	0	0	34	 21.3	  0.0 
36	0	0	35	 23.7	  0.0 
37	0	0	36	 18.7	  0.0 
38	0	0	37	 15.9	  0.0 
39	0	0	38	 15.4	  0.0 
40	0	0	39	 22.4	  0.0 
41	0	0	40	 14.8	  0.0 
42	0	0	41	 15.7	  0.0 
43	0	0	42	 13.4	  0.0 
44	0	0	43	 15.8	  0.0 
45	0	0	44	 19.5	  0.0 
46	0	0	45	 14.9	  0.0 
47	0	0	46	 12.3	  0.0 
48	0	0	47	 17.3	  0.0 
49	0	0	48	 18.5	  0.0 
50	0	0	49	 14.4	  0.0 
51	0	0	50	 10.9	  0.0 
52	0	0	51	 16.3	  0.0 
53	0	0	52	 14.1	  0.0 
54	0	0	53	 12.8	  0.0 
55	0	0	54	 14.2	  0.0 
56	0	0	55	 12.7	  0.0 
57	0	0	56	 11.6	  0.0 
58	0	0	57	 14.8	  0.0 
59	0	0	58	 12.7	  0.0 
60	0	0	59	 14.1	  0.0 
61	0	1	0	 16.1	  0.0 
62	0	1	1	 21.6	  0.0 
63	0	1	2	 14.1	  0.0 
64	0	1	3	 10.6	  0.0 
65	0	1	4	 10.4	  0.0 
66	0	1	5	 15.9	  0.0 
67	0	1	6	 11.5	  0.0 
68	0	1	7	 12.1	  0.0 
69	0	1	8	 13.1	  0.0 
70	0	1	9	 15.2	  0.0 
71	0	1	10	  8.5	  0.0 
72	0	1	11	 12.1	  0.0 
73	0	1	12	 12.2	  0.0 
74	0	1	13	 16.2	  0.0 
75	0	1	14	 19.8	  0.0 
76	0	1	15	  8.2	  0.0 
77	0	1	16	 14.4	  0.0 
78	0	1	17	 13.0	  0.0 
79	0	1	18	  9.9	  0.0 
80	0	1	19	 11.0	  0.0 
81	0	1	20	 10.7	  0.0 
82	0	1	21	  9.1	  0.0 
83	0	1	22	  9.3	  0.0 
84	0	1	23	  8.6	  0.0 
85	0	1	24	 10.7	  0.0 
86	0	1	25	  9.4	  0.0 
87	0	1	26	  8.4	  0.0 
88	0	1	27	  9.7	  0.0 
89	0	1	28	  9.2	  0.0 
90	0	1	29	  9.3	  0.0 
91	0	1	30	 10.0	  0.0 
92	0	1	31	  8.9	  0.0 
93	0	1	32	  7.8	  0.0 
94	0	1	33	  8.6	  0.0 
95	0	1	34	 10.0	  0.0 
96	0	1	35	  9.7	  0.0 
97	0	1	36	  8.0	  0.0 
98	0	1	37	  6.3	  0.0 
99	0	1	38	 10.2	  0.0 
100	0	1	39	  7.0	  0.0 
101	0	1	40	  7.8	  0.0 
102	0	1	41	  8.1	  0.0 
103	0	1	42	  8.4	  0.0 
104	0	1	43	  4.8	  0.0 
105	0	1	44	  5.9	  0.0 
106	0	1	45	  5.8	  0.0 
107	0	1	46	  8.1	  0.0 
108	0	1	47	  5.7	  0.0 
109	0	1	48	  8.0	  0.0 
110	0	1	49	  6.2	  0.0 
111	0	1	50	  7.0	  0.0 
112	0	1	51	  5.9	  0.0 
113	0	1	52	  6.1	  0.0 
114	0	1	53	  6.6	  0.0 
115	0	1	54	  5.2	  0.0 
116	0	1	55	  3.2	  0.0 
117	0	1	56	  5.2	  0.0 
118	0	1	57	  7.6	  0.0 
119	0	1	58	  4.4	  0.0 
120	0	1	59	  4.3	  0.0 
121	0	2	0	 10.9	  0.0 
122	0	2	1	 27.2	  0.0 
123	0	2	2	 19.8	  0.0 
124	0	2	3	 21.6	  0.0 
125	0	2	4	 38.5	  0.0 
126	0	2	5	 33.1	  0.0 
127	0	2	6	 33.2	  0.0 
128	0	2	7	 27.9	  0.0 
129	0	2	8	 25.0	  0.0 
130	0	2	9	 15.2	  0.0 
131	0	2	10	 13.1	  0.0 
132	0	2	11	 29.8	  0.0 
133	0	2	12	 15.0	  0.0 
134	0	2	13	 18.4	  0.0 
135	0	2	14	 33.8	  0.0 
136	0	2	15	 27.8	  0.0 
137	0	2	16	 23.7	  0.0 
138	0	2	17	 50.3	  0.0 
139	0	2	18	 66.3	  0.0 
140	0	2	19	 38.8	  0.0 
141	0	2	20	 22.9	  0.0 
142	0	2	21	 24.6	  0.0 
143	0	2	22	 25.8	  0.0 
144	0	2	23	 22.0	  0.0 
145	0	2	24	 15.5	  0.0 
146	0	2	25	 20.3	  0.0 
147	0	2	26	 17.7	  0.0 
148	0	2	27	 30.3	  0.0 
149	0	2	28	 41.7	  0.0 
150	0	2	29	 64.3	  0.0 
151	0	2	30	 54.2	  0.0 
152	0	2	31	 45.3	  0.0 
153	0	2	32	 29.8	  0.0 
154	0	2	33	 24.4	  0.0 
155	0	2	34	 21.1	  0.0 
156	0	2	35	 24.1	  0.0 
157	0	2	36	 20.1	  0.0 
158	0	2	37	 12.4	  0.0 
159	0	2	38	 21.4	  0.0 
160	0	2	39	 32.8	  0.0 
161	0	2	40	 47.1	  0.0 
162	0	2	41	 72.0	  0.0 
163	0	2	42	 44.2	  0.0 
164	0	2	43	 32.5	  0.0 
165	0	2	44	 26.1	  0.0 
166	0	2	45	 19.9	  0.0 
167	0	2	46	 18.2	  0.0 
168	0	2	47	 22.2	  0.0 
169	0	2	48	 14.1	  0.0 
170	0	2	49	 14.7	  0.0 
171	0	2	50	 16.6	  0.0 
172	0	2	51	 22.8	  0.0 
173	0	2	52	 24.2	  0.0 
174	0	2	53	 32.9	  0.0 
175	0	2	54	 65.4	  0.0 
176	0	2	55	 29.6	  0.0 
177	0	2	56	 24.0	  0.0 
178	0	2	57	 21.4	  0.0 
179	0	2	58	 20.3	  0.0 
180	0	2	59	 19.2	  0.0 
181	0	3	0	 21.0	  0.0 
182	0	3	1	 26.6	  0.0 
183	0	3	2	 33.6	  0.0 
184	0	3	3	 35.3	  0.0 
185	0	3	4	 35.2	  0.0 
186	0	3	5	128.2	  0.0 
187	0	3	6	114.8	  0.0 
188	0	3	7	 52.4	  0.0 
189	0	3	8	 24.4	  0.0 
190	0	3	9	 32.7	  0.0 
191	0	3	10	 21.7	  0.0 
192	0	3	11	 61.2	  0.0 
193	0	3	12	 41.1	  0.0 
194	0	3	13	 53.6	  0.0 
195	0	3	14	 37.2	  0.0 
196	0	3	15	 40.0	  0.0 
197	0	3	16	 54.8	  0.0 
198	0	3	17	 73.7	  0.0 
199	0	3	18	103.6	  0.0 
200	0	3	19	 47.1	  0.0 
201	0	3	20	 30.8	  0.0 
202	0	3	21	 26.1	  0.0 
203	0	3	22	 24.9	  0.0 
204	0	3	23	 23.5	  0.0 
205	0	3	24	 43.7	  0.0 
206	0	3	25	 59.3	  0.0 
207	0	3	26	 53.4	  0.0 
208	0	3	27	 54.8	  0.0 
209	0	3	28	 53.0	  0.0 
210	0	3	29	 70.4	  0.0 
211	0	3	30	146.5	  0.0 
212	0	3	31	 54.2	  0.0 
213	0	3	32	 35.7	  0.0 
214	0	3	33	 17.9	  0.0 
215	0	3	34	 16.7	  0.0 
216	0	3	35	 17.6	  0.0 
217	0	3	36	 27.2	  0.0 
218	0	3	37	 53.2	  0.0 
219	0	3	38	 41.0	  0.0 
220	0	3	39	 32.3	  0.0 
221	0	3	40	 44.6	  0.0 
222	0	3	41	 62.1	  0.0 
223	0	3	42	144.8	  0.0 
224	0	3	43	 79.6	  0.0 
225	0	3	44	 68.4	  0.0 
226	0	3	45	 76.6	  0.0 
227	0	3	46	 36.3	  0.0 
228	0	3	47	 19.4	  0.0 
229	0	3	48	 40.5	  0.0 
230	0	3	49	 49.6	  0.0 
231	0	3	50	 32.3	  0.0 
232	0	3	51	 43.8	  0.0 
233	0	3	52	 52.1	  0.0 
234	0	3	53	128.4	  0.0 
235	0	3	54	 86.8	  0.0 
236	0	3	55	 61.1	  0.0 
237	0	3	56	 64.8	  0.0 
238	0	3	57	 21.4	  0.0 
239	0	3	58	 23.4	  0.0 
240	0	3	59	 11.1	  0.0 
241	0	4	0	 90.6	  0.0 
242	0	4	1	 70.3	  0.0 
243	0	4	2	 66.1	  0.0 
244	0	4	3	 76.1	  0.0 
245	0	4	4	 55.3	  0.0 
246	0	4	5	 95.5	  0.0 
247	0	4	6	156.0	  0.0 
248	0	4	7	 81.9	  0.0 
249	0	4	8	 27.9	  0.0 
250	0	4	9	 19.8	  0.0 
251	0	4	10	 28.5	  0.0 
252	0	4	11	 33.1	  0.0 
253	0	4	12	 49.7	  0.0 
254	0	4	13	 51.0	  0.0 
255	0	4	14	 55.7	  0.0 
256	0	4	15	 49.5	  0.0 
257	0	4	16	 57.5	  0.0 
258	0	4	17	 71.2	  0.0 
259	0	4	18	140.4	  0.0 
260	0	4	19	 65.5	  0.0 
261	0	4	20	 43.1	  0.0 
262	0	4	21	 46.8	  0.0 
263	0	4	22	 51.4	  0.0 
264	0	4	23	 76.6	  0.0 
265	0	4	24	 58.2	  0.0 
266	0	4	25	 60.4	  0.0 
267	0	4	26	 60.8	  0.0 
268	0	4	27	 90.0	  0.0 
269	0	4	28	 97.3	  0.0 
270	0	4	29	 68.8	  0.0 
271	0	4	30	104.0	  0.0 
272	0	4	31	125.7	  0.0 
273	0	4	32	 44.9	  0.0 
274	0	4	33	 19.1	  0.0 
275	0	4	34	 21.0	  0.0 
276	0	4	35	 25.9	  0.0 
277	0	4	36	 32.9	  0.0 
278	0	4	37	 53.2	  0.0 
279	0	4	38	 63.3	  0.0 
280	0	4	39	 76.5	  0.0 
281	0	4	40	 83.1	  0.0 
282	0	4	41	115.2	  0.0 
283	0	4	42	170.0	  0.0 
284	0	4	43	 63.2	  0.0 
285	0	4	44	 25.4	  0.0 
286	0	4	45	 17.4	  0.0 
287	0	4	46	 18.5	  0.0 
288	0	4	47	 13.2	  0.0 
289	0	4	48	 36.3	  0.0 
290	0	4	49	 43.2	  0.0 
291	0	4	50	 62.6	  0.0 
292	0	4	51	104.3	  0.0 
293	0	4	52	 62.9	  0.0 
294	0	4	53	 79.6	  0.0 
295	0	4	54	119.7	  0.0 
296	0	4	55	110.5	  0.0 
297	0	4	56	 30.1	  0.0 
298	0	4	57	 13.7	  0.0 
299	0	4	58	 15.8	  0.0 
300	0	4	59	 23.5	  0.0 
301	0	5	0	 41.6	  0.0 
302	0	5	1	 40.2	  0.0 
303	0	5	2	 31.2	  0.0 
304	0	5	3	 35.7	  0.0 
305	0	5	4	 35.1	  0.0 
306	0	5	5	 33.0	  0.0 
307	0	5	6	 31.0	  0.0 
308	0	5	7	 32.8	  0.0 
309	0	5	8	 31.9	  0.0 
310	0	5	9	 33.3	  0.0 
311	0	5	10	 39.0	  0.0 
312	0	5	11	 35.1	  0.0 
313	0	5	12	 32.6	  0.0 
314	0	5	13	 27.4	  0.0 
315	0	5	14	 32.7	  0.0 
316	0	5	15	 39.1	  0.0 
317	0	5	16	 37.8	  0.0 
318	0	5	17	 35.0	  0.0 
319	0	5	18	 31.8	  0.0 
320	0	5	19	 33.5	  0.0 
321	0	5	20	 30.9	  0.0 
322	0	5	21	 37.3	  0.0 
323	0	5	22	 46.1	  0.0 
324	0	5	23	 50.0	  0.0 
325	0	5	24	 45.9	  0.0 
326	0	5	25	 39.8	  0.0 
327	0	5	26	 40.3	  0.0 
328	0	5	27	 35.1	  0.0 
329	0	5	28	 30.6	  0.0 
330	0	5	29	 32.6	  0.0 
331	0	5	30	 38.0	  0.0 
332	0	5	31	 43.8	  0.0 
333	0	5	32	 40.3	  0.0 
334	0	5	33	 30.8	  0.0 
335	0	5	34	 36.4	  0.0 
336	0	5	35	 41.7	  0.0 
337	0	5	36	 40.9	  0.0 
338	0	5	37	 36.8	  0.0 
339	0	5	38	 38.8	  0.0 
340	0	5	39	 40.8	  0.0 
341	0	5	40	 36.0	  0.0 
342	0	5	41	 38.1	  0.0 
343	0	5	42	 40.1	  0.0 
344	0	5	43	 38.9	  0.0 
345	0	5	44	 37.9	  0.0 
346	0	5	45	 40.2	  0.0 
347	0	5	46	 36.9	  0.0 
348	0	5	47	 36.9	  0.0 
349	0	5	48	 39.2	  0.0 
350	0	5	49	 36.9	  0.0 
351	0	5	50	 45.1	  0.0 
352	0	5	51	 41.7	  0.0 
353	0	5	52	 43.1	  0.0 
354	0	5	53	 42.3	  0.0 
355	0	5	54	 38.2	  0.0 
356	0	5	55	 37.7	  0.0 
357	0	5	56	 40.8	  0.0 
358	0	5	57	 39.8	  0.0 
359	0	5	58	 35.0	  0.0 
360	0	5	59	 44.7	  0.0 
361	0	6	0	 40.6	  0.0 
362	0	6	1	 44.4	  0.0 
363	0	6	2	 37.9	  0.0 
364	0	6	3	 46.3	  0.0 
365	0	6	4	 40.6	  0.0 
366	0	6	5	 35.1	  0.0 
367	0	6	6	 36.7	  0.0 
368	0	6	7	 41.5	  0.0 
369	0	6	8	 42.6	  0.0 
370	0	6	9	 40.4	  0.0 
371	0	6	10	 36.2	  0.0 
372	0	6	11	 38.1	  0.0 
373	0	6	12	 37.3	  0.0 
374	0	6	13	 35.1	  0.0 
375	0	6	14	 39.2	  0.0 
376	0	6	15	 33.4	  0.0 
377	0	6	16	 42.8	  0.0 
378	0	6	17	 35.9	  0.0 
379	0	6	18	 42.5	  0.0 
380	0	6	19	 41.6	  0.0 
381	0	6	20	 41.2	  0.0 
382	0	6	21	 37.4	  0.0 
383	0	6	22	 41.1	  0.0 
384	0	6	23	 46.5	  0.0 
385	0	6	24	 50.2	  0.0 
386	0	6	25	 46.7	  0.0 
387	0	6	26	 35.9	  0.0 
388	0	6	27	 41.3	  0.0 
389	0	6	28	 37.9	  0.0 
390	0	6	29	 37.0	  0.0 
391	0	6	30	 36.0	  0.0 
392	0	6	31	 33.7	  0.0 
393	0	6	32	 46.1	  0.0 
394	0	6	33	 42.1	  0.0 
395	0	6	34	 45.8	  0.0 
396	0	6	35	 46.7	  0.0 
397	0	6	36	 43.0	  0.0 
398	0	6	37	 39.5	  0.0 
399	0	6	38	 36.0	  0.0 
400	0	6	39	 37.4	  0.0 
401	0	6	40	 34.7	  0.0 
402	0	6	41	 37.8	  0.0 
403	0	6	42	 36.2	  0.0 
404	0	6	43	 32.8	  0.0 
405	0	6	44	 28.6	  0.0 
406	0	6	45	 34.4	  0.0 
407	0	6	46	 38.0	  0.0 
408	0	6	47	 39.8	  0.0 
409	0	6	48	 37.3	  0.0 
410	0	6	49	 38.5	  0.0 
411	0	6	50	 33.1	  0.0 
412	0	6	51	 26.4	  0.0 
413	0	6	52	 27.0	  0.0 
414	0	6	53	 17.0	  0.0 
415	0	6	54	 13.5	  0.0 
416	0	6	55	 28.3	  0.0 
417	0	6	56	 15.4	  0.0 
418	0	6	57	 18.2	  0.0 
419	0	6	58	 31.2	  0.0 
420	0	6	59	 29.5	  0.0 
421	0	7	0	 22.7	  0.0 
422	0	7	1	 39.5	  0.0 
423	0	7	2	 62.3	  0.0 
424	0	7	3	 52.3	  0.0 
425	0	7	4	 27.1	  0.0 
426	0	7	5	 23.8	  0.0 
427	0	7	6	 23.2	  0.0 
428	0	7	7	 23.2	  0.0 
429	0	7	8	 17.9	  0.0 
430	0	7	9	 19.3	  0.0 
431	0	7	10	 19.0	  0.0 
432	0	7	11	 25.6	  0.0 
433	0	7	12	 39.5	  0.0 
434	0	7	13	 59.5	  0.0 
435	0	7	14	 53.1	  0.0 
436	0	7	15	 55.5	  0.0 
437	0	7	16	 30.3	  0.0 
438	0	7	17	 27.2	  0.0 
439	0	7	18	 19.2	  0.0 
440	0	7	19	 24.2	  0.0 
441	0	7	20	 20.6	  0.0 
442	0	7	21	 13.3	  0.0 
443	0	7	22	 18.0	  0.0 
444	0	7	23	 33.6	  0.0 
445	0	7	24	 41.2	  0.0 
446	0	7	25	 73.0	  0.0 
447	0	7	26	 47.4	  0.0 
448	0	7	27	 35.4	  0.0 
449	0	7	28	 26.7	  0.0 
450	0	7	29	 18.6	  0.0 
451	0	7	30	 19.3	  0.0 
452	0	7	31	 21.8	  0.0 
453	0	7	32	 15.5	  0.0 
454	0	7	33	 14.7	  0.0 
455	0	7	34	 16.4	  0.0 
456	0	7	35	 20.3	  0.0 
457	0	7	36	 26.2	  0.0 
458	0	7	37	 27.4	  0.0 
459	0	7	38	 60.5	  0.0 
460	0	7	39	 38.7	  0.0 
461	0	7	40	 25.5	  0.0 
462	0	7	41	 20.9	  0.0 
463	0	7	42	 19.8	  0.0 
464	0	7	43	 19.9	  0.0 
465	0	7	44	 18.2	  0.0 
466	0	7	45	 27.0	  0.0 
467	0	7	46	 31.0	  0.0 
468	0	7	47	 37.1	  0.0 
469	0	7	48	 34.9	  0.0 
470	0	7	49	109.5	  0.0 
471	0	7	50	130.4	  0.0 
472	0	7	51	 53.8	  0.0 
473	0	7	52	 28.6	  0.0 
474	0	7	53	 31.2	  0.0 
475	0	7	54	 24.2	  0.0 
476	0	7	55	 54.6	  0.0 
477	0	7	56	 40.0	  0.0 
478	0	7	57	 58.3	  0.0 
479	0	7	58	 34.3	  0.0 
480	0	7	59	 40.9	  0.0 
481	0	8	0	 50.5	  0.0 
482	0	8	1	 69.3	  0.0 
483	0	8	2	105.6	  0.0 
484	0	8	3	 57.6	  0.0 
485	0	8	4	 27.9	  0.0 
486	0	8	5	 29.0	  0.0 
487	0	8	6	 22.8	  0.0 
488	0	8	7	 26.8	  0.0 
489	0	8	8	 29.3	  0.0 
490	0	8	9	 65.8	  0.0 
491	0	8	10	 51.7	  0.0 
492	0	8	11	 56.7	  0.0 
493	0	8	12	 52.3	  0.0 
494	0	8	13	 63.9	  0.0 
495	0	8	14	146.6	  0.0 
496	0	8	15	 61.0	  0.0 
497	0	8	16	 43.0	  0.0 
498	0	8	17	 19.7	  0.0 
499	0	8	18	 14.5	  0.0 
500	0	8	19	 19.6	  0.0 
501	0	8	20	 18.4	  0.0 
502	0	8	21	 55.5	  0.0 
503	0	8	22	 43.1	  0.0 
504	0	8	23	 32.4	  0.0 
505	0	8	24	 41.0	  0.0 
506	0	8	25	 58.0	  0.0 
507	0	8	26	139.7	  0.0 
508	0	8	27	 84.6	  0.0 
509	0	8	28	 67.6	  0.0 
510	0	8	29	 73.4	  0.0 
511	0	8	30	 49.3	  0.0 
512	0	8	31	 20.2	  0.0 
513	0	8	32	 30.2	  0.0 
514	0	8	33	 58.1	  0.0 
515	0	8	34	 30.3	  0.0 
516	0	8	35	 43.0	  0.0 
517	0	8	36	 51.0	  0.0 
518	0	8	37	120.2	  0.0 
519	0	8	38	 90.9	  0.0 
520	0	8	39	 60.3	  0.0 
521	0	8	40	 71.3	  0.0 
522	0	8	41	 28.8	  0.0 
523	0	8	42	 22.1	  0.0 
524	0	8	43	 10.9	  0.0 
525	0	8	44	 57.6	  0.0 
526	0	8	45	 93.2	  0.0 
527	0	8	46	 65.2	  0.0 
528	0	8	47	 74.9	  0.0 
529	0	8	48	 59.1	  0.0 
530	0	8	49	 74.6	  0.0 
531	0	8	50	156.6	  0.0 
532	0	8	51	103.3	  0.0 
533	0	8	52	 34.0	  0.0 
534	0	8	53	 20.3	  0.0 
535	0	8	54	 22.3	  0.0 
536	0	8	55	 31.5	  0.0 
537	0	8	56	 51.5	  0.0 
538	0	8	57	 49.7	  0.0 
539	0	8	58	 55.3	  0.0 
540	0	8	59	 48.8	  0.0 
541	0	9	0	 54.2	  0.0 
542	0	9	1	 67.1	  0.0 
543	0	9	2	132.5	  0.0 
544	0	9	3	 85.8	  0.0 
545	0	9	4	 39.4	  0.0 
546	0	9	5	 53.1	  0.0 
547	0	9	6	 38.1	  0.0 
548	0	9	7	 75.9	  0.0 
549	0	9	8	 61.8	  0.0 
550	0	9	9	 67.3	  0.0 
551	0	9	10	 54.0	  0.0 
552	0	9	11	 80.0	  0.0 
553	0	9	12	106.4	  0.0 
554	0	9	13	 67.7	  0.0 
555	0	9	14	 91.8	  0.0 
556	0	9	15	138.9	  0.0 
557	0	9	16	 55.8	  0.0 
558	0	9	17	 19.9	  0.0 
559	0	9	18	 21.0	  0.0 
560	0	9	19	 24.8	  0.0 
561	0	9	20	 25.1	  0.0 
562	0	9	21	 55.5	  0.0 
563	0	9	22	 59.8	  0.0 
564	0	9	23	 73.2	  0.0 
565	0	9	24	 86.5	  0.0 
566	0	9	25	104.6	  0.0 
567	0	9	26	165.0	  0.0 
568	0	9	27	 84.9	  0.0 
569	0	9	28	 29.9	  0.0 
570	0	9	29	 18.4	  0.0 
571	0	9	30	 15.9	  0.0 
572	0	9	31	 16.5	  0.0 
573	0	9	32	 30.5	  0.0 
574	0	9	33	 43.2	  0.0 
575	0	9	34	 55.0	  0.0 
576	0	9	35	 99.7	  0.0 
577	0	9	36	 72.2	  0.0 
578	0	9	37	 70.1	  0.0 
579	0	9	38	111.0	  0.0 
580	0	9	39	129.0	  0.0 
581	0	9	40	 36.1	  0.0 
582	0	9	41	 15.4	  0.0 
583	0	9	42	 14.9	  0.0 
584	0	9	43	 22.6	  0.0 
585	0	9	44	 37.4	  0.0 
586	0	9	45	 41.5	  0.0 
587	0	9	46	 33.5	  0.0 
588	0	9	47	 32.3	  0.0 
589	0	9	48	 37.4	  0.0 
590	0	9	49	 31.9	  0.0 
591	0	9	50	 30.7	  0.0 
592	0	9	51	 33.4	  0.0 
593	0	9	52	 30.6	  0.0 
594	0	9	53	 33.9	  0.0 
595	0	9	54	 39.2	  0.0 
596	0	9	55	 33.6	  0.0 
597	0	9	56	 34.9	  0.0 
598	0	9	57	 26.9	  0.0 
599	0	9	58	 31.2	  0.0 
600	0	9	59	 37.9	  0.0 
601	0	10	0	 38.9	  0.0 
602	0	10	1	 35.8	  0.0 
603	0	10	2	 32.4	  0.0 
604	0	10	3	 34.3	  0.0 
605	0	10	4	 29.1	  0.0 
606	0	10	5	 38.0	  0.0 
607	0	10	6	 42.6	  0.0 
608	0	10	7	 50.2	  0.0 
609	0	10	8	 48.0	  0.0 
610	0	10	9	 40.4	  0.0 
611	0	10	10	 39.8	  0.0 
612	0	10	11	 37.1	  0.0 
613	0	10	12	 30.3	  0.0 
614	0	10	13	 32.3	  0.0 
615	0	10	14	 35.7	  0.0 
616	0	10	15	 44.8	  0.0 
617	0	10	16	 40.9	  0.0 
618	0	10	17	 31.4	  0.0 
619	0	10	18	 35.2	  0.0 
620	0	10	19	 41.1	  0.0 
621	0	10	20	 40.8	  0.0 
622	0	10	21	 37.1	  0.0 
623	0	10	22	 40.1	  0.0 
624	0	10	23	 39.2	  0.0 
625	0	10	24	 38.8	  0.0 
626	0	10	25	 34.6	  0.0 
627	0	10	26	 42.0	  0.0 
628	0	10	27	 36.8	  0.0 
629	0	10	28	 40.5	  0.0 
630	0	10	29	 39.7	  0.0 
631	0	10	30	 36.2	  0.0 
632	0	10	31	 39.2	  0.0 
633	0	10	32	 36.7	  0.0 
634	0	10	33	 39.0	  0.0 
635	0	10	34	 42.6	  0.0 
636	0	10	35	 42.2	  0.0 
637	0	10	36	 42.2	  0.0 
638	0	10	37	 44.5	  0.0 
639	0	10	38	 37.1	  0.0 
640	0	10	39	 38.4	  0.0 
641	0	10	40	 40.2	  0.0 
642	0	10	41	 40.2	  0.0 
643	0	10	42	 35.6	  0.0 
644	0	10	43	 41.4	  0.0 
645	0	10	44	 43.0	  0.0 
646	0	10	45	 44.5	  0.0 
647	0	10	46	 37.9	  0.0 
648	0	10	47	 43.7	  0.0 
649	0	10	48	 43.8	  0.0 
650	0	10	49	 34.7	  0.0 
651	0	10	50	 36.3	  0.0 
652	0	10	51	 41.1	  0.0 
653	0	10	52	 43.5	  0.0 
654	0	10	53	 39.4	  0.0 
655	0	10	54	 36.9	  0.0 
656	0	10	55	 38.8	  0.0 
657	0	10	56	 35.8	  0.0 
658	0	10	57	 36.6	  0.0 
659	0	10	58	 38.0	  0.0 
660	0	10	59	 34.8	  0.0 
661	0	11	0	 40.9	  0.0 
662	0	11	1	 37.4	  0.0 
663	0	11	2	 39.8	  0.0 
664	0	11	3	 43.5	  0.0 
665	0	11	4	 39.8	  0.0 
666	0	11	5	 38.2	  0.0 
667	0	11	6	 41.5	  0.0 
668	0	11	7	 43.4	  0.0 
669	0	11	8	 51.4	  0.0 
670	0	11	9	 47.1	  0.0 
671	0	11	10	 39.2	  0.0 
672	0	11	11	 38.0	  0.0 
673	0	11	12	 40.2	  0.0 
674	0	11	13	 39.3	  0.0 
675	0	11	14	 34.2	  0.0 
676	0	11	15	 33.6	  0.0 
677	0	11	16	 43.3	  0.0 
678	0	11	17	 44.1	  0.0 
679	0	11	18	 44.1	  0.0 
680	0	11	19	 46.5	  0.0 
681	0	11	20	 43.6	  0.0 
682	0	11	21	 41.1	  0.0 
683	0	11	22	 34.7	  0.0 
684	0	11	23	 40.0	  0.0 
685	0	11	24	 34.0	  0.0 
686	0	11	25	 36.2	  0.0 
687	0	11	26	 36.9	  0.0 
688	0	11	27	 34.0	  0.0 
689	0	11	28	 28.0	  0.0 
690	0	11	29	 33.9	  0.0 
691	0	11	30	 38.6	  0.0 
692	0	11	31	 39.1	  0.0 
693	0	11	32	 35.4	  0.0 
694	0	11	33	 38.5	  0.0 
695	0	11	34	 17.6	  0.0 
696	0	11	35	 16.2	  0.0 
697	0	11	36	 17.9	  0.0 
698	0	11	37	 14.7	  0.0 
699	0	11	38	 44.5	  0.0 
700	0	11	39	 49.7	  0.0 
701	0	11	40	 75.1	  0.0 
702	0	11	41	 96.6	  0.0 
703	0	11	42	 58.9	  0.0 
704	0	11	43	 94.3	  0.0 
705	0	11	44	136.5	  0.0 
706	0	11	45	 72.3	  0.0 
707	0	11	46	 17.2	  0.0 
708	0	11	47	 16.4	  0.0 
709	0	11	48	 17.6	  0.0 
710	0	11	49	 28.8	  0.0 
711	0	11	50	 47.1	  0.0 
712	0	11	51	 33.1	  0.0 
713	0	11	52	 30.9	  0.0 
714	0	11	53	 38.1	  0.0 
715	0	11	54	 36.8	  0.0 
716	0	11	55	 29.4	  0.0 
717	0	11	56	 29.7	  0.0 
718	0	11	57	 34.6	  0.0 
719	0	11	58	 32.8	  0.0 
720	0	11	59	 34.0	  0.0 
721	0	12	0	 39.4	  0.0 
722	0	12	1	 34.9	  0.0 
723	0	12	2	 27.1	  0.0 
724	0	12	3	 31.2	  0.0 
725	0	12	4	 34.3	  0.0 
726	0	12	5	 37.5	  0.0 
727	0	12	6	 38.8	  0.0 
728	0	12	7	 34.2	  0.0 
729	0	12	8	 31.8	  0.0 
730	0	12	9	 32.3	  0.0 
731	0	12	10	 31.3	  0.0 
732	0	12	11	 42.9	  0.0 
733	0	12	12	 49.9	  0.0 
734	0	12	13	 44.7	  0.0 
735	0	12	14	 45.6	  0.0 
736	0	12	15	 38.3	  0.0 
737	0	12	16	 41.7	  0.0 
738	0	12	17	 31.6	  0.0 
739	0	12	18	 30.8	  0.0 
740	0	12	19	 32.7	  0.0 
741	0	12	20	 43.7	  0.0 
742	0	12	21	 39.2	  0.0 
743	0	12	22	 39.0	  0.0 
744	0	12	23	 31.1	  0.0 
745	0	12	24	 38.2	  0.0 
746	0	12	25	 43.4	  0.0 
747	0	12	26	 36.9	  0.0 
748	0	12	27	 39.6	  0.0 
749	0	12	28	 38.4	  0.0 
750	0	12	29	 38.2	  0.0 
751	0	12	30	 38.9	  0.0 
752	0	12	31	 37.9	  0.0 
753	0	12	32	 40.8	  0.0 
754	0	12	33	 38.2	  0.0 
755	0	12	34	 39.0	  0.0 
756	0	12	35	 38.5	  0.0 
757	0	12	36	 38.7	  0.0 
758	0	12	37	 35.7	  0.0 
759	0	12	38	 37.6	  0.0 
760	0	12	39	 42.0	  0.0 
761	0	12	40	 41.3	  0.0 
762	0	12	41	 45.4	  0.0 
763	0	12	42	 41.1	  0.0 
764	0	12	43	 41.9	  0.0 
765	0	12	44	 40.0	  0.0 
766	0	12	45	 53.3	  0.0 
767	0	12	46	 58.7	  0.0 
768	0	12	47	 78.0	  0.0 
769	0	12	48	 78.7	  0.0 
770	0	12	49	 83.1	  0.0 
771	0	12	50	 87.8	  0.0 
772	0	12	51	 86.9	  0.0 
773	0	12	52	 49.6	  0.0 
774	0	12	53	 37.7	  0.0 
775	0	12	54	 44.0	  0.0 
776	0	12	55	 53.6	  0.0 
777	0	12	56	 50.6	  0.0 
778	0	12	57	 59.3	  0.0 
779	0	12	58	 56.6	  0.0 
780	0	12	59	 65.8	  0.0 
781	0	13	0	 70.8	  0.0 
782	0	13	1	 91.3	  0.0 
783	0	13	2	116.8	  0.0 
784	0	13	3	 68.5	  0.0 
785	0	13	4	 47.6	  0.0 
786	0	13	5	 54.0	  0.0 
787	0	13	6	 38.2	  0.0 
788	0	13	7	 37.2	  0.0 
789	0	13	8	 42.1	  0.0 
790	0	13	9	 49.9	  0.0 
791	0	13	10	 42.8	  0.0 
792	0	13	11	 60.3	  0.0 
793	0	13	12	 66.9	  0.0 
794	0	13	13	 97.3	  0.0 
795	0	13	14	121.8	  0.0 
796	0	13	15	 79.7	  0.0 
797	0	13	16	 40.6	  0.0 
798	0	13	17	 47.0	  0.0 
799	0	13	18	 38.3	  0.0 
800	0	13	19	 76.1	  0.0 
801	0	13	20	 51.2	  0.0 
802	0	13	21	 60.0	  0.0 
803	0	13	22	 61.4	  0.0 
804	0	13	23	 64.9	  0.0 
805	0	13	24	 75.6	  0.0 
806	0	13	25	 81.4	  0.0 
807	0	13	26	 90.6	  0.0 
808	0	13	27	 89.8	  0.0 
809	0	13	28	 40.4	  0.0 
810	0	13	29	 39.4	  0.0 
811	0	13	30	 51.1	  0.0 
812	0	13	31	 44.4	  0.0 
813	0	13	32	 48.1	  0.0 
814	0	13	33	 58.1	  0.0 
815	0	13	34	 66.2	  0.0 
816	0	13	35	 69.6	  0.0 
817	0	13	36	 86.0	  0.0 
818	0	13	37	 94.9	  0.0 
819	0	13	38	104.8	  0.0 
820	0	13	39	179.1	  0.0 
821	0	13	40	 85.0	  0.0 
822	0	13	41	 45.9	  0.0 
823	0	13	42	 23.5	  0.0 
824	0	13	43	 32.3	  0.0 
825	0	13	44	 26.2	  0.0 
826	0	13	45	 59.9	  0.0 
827	0	13	46	 44.5	  0.0 
828	0	13	47	 49.6	  0.0 
829	0	13	48	 38.0	  0.0 
830	0	13	49	 42.4	  0.0 
831	0	13	50	 56.0	  0.0 
832	0	13	51	 82.3	  0.0 
833	0	13	52	 98.2	  0.0 
834	0	13	53	 37.4	  0.0 
835	0	13	54	 34.2	  0.0 
836	0	13	55	 22.3	  0.0 
837	0	13	56	 26.9	  0.0 
838	0	13	57	 20.8	  0.0 
839	0	13	58	 54.7	  0.0 
840	0	13	59	 53.0	  0.0 
841	0	14	0	 55.8	  0.0 
842	0	14	1	 52.7	  0.0 
843	0	14	2	 55.2	  0.0 
844	0	14	3	 83.8	  0.0 
845	0	14	4	135.8	  0.0 
846	0	14	5	 53.7	  0.0 
847	0	14	6	 26.4	  0.0 
848	0	14	7	 16.7	  0.0 
849	0	14	8	 18.7	  0.0 
850	0	14	9	 15.4	  0.0 
851	0	14	10	 37.6	  0.0 
852	0	14	11	 49.5	  0.0 
853	0	14	12	 37.8	  0.0 
854	0	14	13	 34.9	  0.0 
855	0	14	14	 46.2	  0.0 
856	0	14	15	 81.6	  0.0 
857	0	14	16	134.6	  0.0 
858	0	14	17	 74.9	  0.0 
859	0	14	18	 64.9	  0.0 
860	0	14	19	 74.8	  0.0 
861	0	14	20	 30.7	  0.0 
862	0	14	21	 19.2	  0.0 
863	0	14	22	 46.3	  0.0 
864	0	14	23	 45.9	  0.0 
865	0	14	24	 34.9	  0.0 
866	0	14	25	 43.5	  0.0 
867	0	14	26	 56.0	  0.0 
868	0	14	27	128.0	  0.0 
869	0	14	28	 86.8	  0.0 
870	0	14	29	 66.1	  0.0 
871	0	14	30	 55.0	  0.0 
872	0	14	31	 17.6	  0.0 
873	0	14	32	 22.8	  0.0 
874	0	14	33	 12.2	  0.0 
875	0	14	34	105.5	  0.0 
876	0	14	35	 63.8	  0.0 
877	0	14	36	 65.9	  0.0 
878	0	14	37	 74.1	  0.0 
879	0	14	38	 58.5	  0.0 
880	0	14	39	127.8	  0.0 
881	0	14	40	132.9	  0.0 
882	0	14	41	 66.3	  0.0 
883	0	14	42	 24.3	  0.0 
884	0	14	43	 19.8	  0.0 
885	0	14	44	 29.5	  0.0 
886	0	14	45	 40.5	  0.0 
887	0	14	46	 50.3	  0.0 
888	0	14	47	 50.4	  0.0 
889	0	14	48	 53.3	  0.0 
890	0	14	49	 50.5	  0.0 
891	0	14	50	 59.2	  0.0 
892	0	14	51	 81.6	  0.0 
893	0	14	52	140.7	  0.0 
894	0	14	53	 46.4	  0.0 
895	0	14	54	 53.0	  0.0 
896	0	14	55	 39.5	  0.0 
897	0	14	56	 66.2	  0.0 
898	0	14	57	 63.1	  0.0 
899	0	14	58	 62.8	  0.0 
900	0	14	59	 56.5	  0.0 
901	0	15	0	 67.8	  0.0 
902	0	15	1	 94.1	  0.0 
903	0	15	2	 90.4	  0.0 
904	0	15	3	 70.5	  0.0 
905	0	15	4	109.1	  0.0 
906	0	15	5	116.0	  0.0 
907	0	15	6	 38.8	  0.0 
908	0	15	7	 19.7	  0.0 
909	0	15	8	 21.7	  0.0 
910	0	15	9	 26.5	  0.0 
911	0	15	10	 40.9	  0.0 
912	0	15	11	 49.4	  0.0 
913	0	15	12	 68.3	  0.0 
914	0	15	13	 79.5	  0.0 
915	0	15	14	 79.4	  0.0 
916	0	15	15	152.4	  0.0 
917	0	15	16	137.2	  0.0 
918	0	15	17	 55.1	  0.0 
919	0	15	18	 18.4	  0.0 
920	0	15	19	 18.0	  0.0 
921	0	15	20	 18.1	  0.0 
922	0	15	21	 12.0	  0.0 
923	0	15	22	 41.6	  0.0 
924	0	15	23	 45.5	  0.0 
925	0	15	24	 67.0	  0.0 
926	0	15	25	103.0	  0.0 
927	0	15	26	 61.2	  0.0 
928	0	15	27	 80.7	  0.0 
929	0	15	28	130.3	  0.0 
930	0	15	29	 96.0	  0.0 
931	0	15	30	 23.4	  0.0 
932	0	15	31	 15.5	  0.0 
933	0	15	32	 15.3	  0.0 
934	0	15	33	 25.9	  0.0 
935	0	15	34	 43.5	  0.0 
936	0	15	35	 38.6	  0.0 
937	0	15	36	 31.6	  0.0 
938	0	15	37	 35.8	  0.0 
939	0	15	38	 36.2	  0.0 
940	0	15	39	 32.1	  0.0 
941	0	15	40	 29.1	  0.0 
942	0	15	41	 34.7	  0.0 
943	0	15	42	 32.5	  0.0 
944	0	15	43	 32.8	  0.0 
945	0	15	44	 38.6	  0.0 
946	0	15	45	 35.9	  0.0 
947	0	15	46	 29.8	  0.0 
948	0	15	47	 28.9	  0.0 
949	0	15	48	 34.4	  0.0 
950	0	15	49	 36.7	  0.0 
951	0	15	50	 38.8	  0.0 
952	0	15	51	 36.0	  0.0 
953	0	15	52	 30.2	  0.0 
954	0	15	53	 33.3	  0.0 
955	0	15	54	 31.0	  0.0 
956	0	15	55	 38.2	  0.0 
957	0	15	56	 50.2	  0.0 
958	0	15	57	 46.8	  0.0 
959	0	15	58	 45.0	  0.0 
960	0	15	59	 40.5	  0.0 
